var ent2v = new Float32Array([
-10, 12.9125, 0, 
-6.25, 10, 5, 
-5, 10, 5, 
0, 12.9125, 0, 
3.75, 10, 5, 
5, 10, 5, 
3.75, 10, -5, 
0, 12.9125, 0, 
5, 10, -5, 
-6.25, 10, -5, 
-10, 12.9125, 0, 
-5, 10, -5, 
1.25, 5, 5, 
0, 4.375, 5, 
1.25, 4.375, 5, 
1.25, 10, 5, 
0, 9.375, 5, 
1.25, 9.375, 5, 
-1.25, 5, -5, 
0, 4.375, -5, 
-1.25, 4.375, -5, 
-1.25, 10, -5, 
0, 9.375, -5, 
-1.25, 9.375, -5, 
-10, 10, -2.5, 
-10, 10, -1.875, 
-10, 12.9125, 0, 
-10, 10, 2.5, 
-10, 10, 3.125, 
-10, 12.9125, 0, 
10, 10, -2.5, 
10, 10, -3.125, 
10, 12.9125, 0, 
10, 10, 2.5, 
10, 10, 1.875, 
10, 12.9125, 0, 
-1.25, 7.5, -5, 
0, 6.875, -5, 
-1.25, 6.875, -5, 
1.25, 7.5, 5, 
0, 6.875, 5, 
1.25, 6.875, 5, 
1.25, 8.75, -5, 
2.5, 8.125, -5, 
1.25, 8.125, -5, 
1.25, 10, -5, 
2.5, 9.375, -5, 
1.25, 9.375, -5, 
1.25, 6.25, -5, 
2.5, 5.625, -5, 
1.25, 5.625, -5, 
1.25, 7.5, -5, 
2.5, 6.875, -5, 
1.25, 6.875, -5, 
-1.25, 8.75, 5, 
-2.5, 8.125, 5, 
-1.25, 8.125, 5, 
-1.25, 10, 5, 
-2.5, 9.375, 5, 
-1.25, 9.375, 5, 
-1.25, 6.25, 5, 
-2.5, 5.625, 5, 
-1.25, 5.625, 5, 
-1.25, 7.5, 5, 
-2.5, 6.875, 5, 
-1.25, 6.875, 5, 
-1.25, 5, 5, 
-2.5, 4.375, 5, 
-1.25, 4.375, 5, 
1.25, 6.25, 5, 
0, 5.625, 5, 
1.25, 5.625, 5, 
1.25, 5, -5, 
2.5, 4.375, -5, 
1.25, 4.375, -5, 
-1.25, 6.25, -5, 
0, 5.625, -5, 
-1.25, 5.625, -5, 
-1.25, 8.75, -5, 
0, 8.125, -5, 
-1.25, 8.125, -5, 
1.25, 8.75, 5, 
0, 8.125, 5, 
1.25, 8.125, 5, 
0, 3.75, 5, 
1.25, 3.75, -5, 
1.25, 3.75, 5, 
-1.25, 3.75, 5, 
0, 3.75, -5, 
0, 3.75, 5, 
1.25, 8.125, 5, 
0, 7.5, 5, 
1.25, 7.5, 5, 
2.5, 8.125, 5, 
1.25, 7.5, 5, 
2.5, 7.5, 5, 
2.5, 8.75, 5, 
1.25, 8.125, 5, 
2.5, 8.125, 5, 
-1.25, 8.125, -5, 
0, 7.5, -5, 
-1.25, 7.5, -5, 
-2.5, 8.125, -5, 
-1.25, 7.5, -5, 
-2.5, 7.5, -5, 
-2.5, 8.75, -5, 
-1.25, 8.125, -5, 
-2.5, 8.125, -5, 
-1.25, 5.625, -5, 
0, 5, -5, 
-1.25, 5, -5, 
-2.5, 5.625, -5, 
-1.25, 5, -5, 
-2.5, 5, -5, 
-2.5, 6.25, -5, 
-1.25, 5.625, -5, 
-2.5, 5.625, -5, 
1.25, 4.375, -5, 
2.5, 3.75, -5, 
1.25, 3.75, -5, 
0, 4.375, -5, 
1.25, 3.75, -5, 
0, 3.75, -5, 
0, 5, -5, 
1.25, 4.375, -5, 
0, 4.375, -5, 
1.25, 5.625, 5, 
0, 5, 5, 
1.25, 5, 5, 
2.5, 5.625, 5, 
1.25, 5, 5, 
2.5, 5, 5, 
2.5, 6.25, 5, 
1.25, 5.625, 5, 
2.5, 5.625, 5, 
1.25, 3.75, 5, 
2.5, 3.75, -5, 
2.5, 3.75, 5, 
-1.25, 4.375, 5, 
-2.5, 3.75, 5, 
-1.25, 3.75, 5, 
0, 4.375, 5, 
-1.25, 3.75, 5, 
0, 3.75, 5, 
0, 5, 5, 
-1.25, 4.375, 5, 
0, 4.375, 5, 
-2.5, 3.75, 5, 
-1.25, 3.75, -5, 
-1.25, 3.75, 5, 
-1.25, 6.875, 5, 
-2.5, 6.25, 5, 
-1.25, 6.25, 5, 
0, 6.875, 5, 
-1.25, 6.25, 5, 
0, 6.25, 5, 
0, 7.5, 5, 
-1.25, 6.875, 5, 
0, 6.875, 5, 
-1.25, 5.625, 5, 
-2.5, 5, 5, 
-1.25, 5, 5, 
0, 5.625, 5, 
-1.25, 5, 5, 
0, 5, 5, 
0, 6.25, 5, 
-1.25, 5.625, 5, 
0, 5.625, 5, 
-1.25, 9.375, 5, 
-2.5, 8.75, 5, 
-1.25, 8.75, 5, 
0, 9.375, 5, 
-1.25, 8.75, 5, 
0, 8.75, 5, 
0, 10, 5, 
-1.25, 9.375, 5, 
0, 9.375, 5, 
-1.25, 8.125, 5, 
-2.5, 7.5, 5, 
-1.25, 7.5, 5, 
0, 8.125, 5, 
-1.25, 7.5, 5, 
0, 7.5, 5, 
0, 8.75, 5, 
-1.25, 8.125, 5, 
0, 8.125, 5, 
1.25, 6.875, -5, 
2.5, 6.25, -5, 
1.25, 6.25, -5, 
0, 6.875, -5, 
1.25, 6.25, -5, 
0, 6.25, -5, 
0, 7.5, -5, 
1.25, 6.875, -5, 
0, 6.875, -5, 
1.25, 5.625, -5, 
2.5, 5, -5, 
1.25, 5, -5, 
0, 5.625, -5, 
1.25, 5, -5, 
0, 5, -5, 
0, 6.25, -5, 
1.25, 5.625, -5, 
0, 5.625, -5, 
1.25, 9.375, -5, 
2.5, 8.75, -5, 
1.25, 8.75, -5, 
0, 9.375, -5, 
1.25, 8.75, -5, 
0, 8.75, -5, 
0, 10, -5, 
1.25, 9.375, -5, 
0, 9.375, -5, 
1.25, 8.125, -5, 
2.5, 7.5, -5, 
1.25, 7.5, -5, 
0, 8.125, -5, 
1.25, 7.5, -5, 
0, 7.5, -5, 
0, 8.75, -5, 
1.25, 8.125, -5, 
0, 8.125, -5, 
1.25, 6.875, 5, 
0, 6.25, 5, 
1.25, 6.25, 5, 
2.5, 6.875, 5, 
1.25, 6.25, 5, 
2.5, 6.25, 5, 
2.5, 7.5, 5, 
1.25, 6.875, 5, 
2.5, 6.875, 5, 
-1.25, 6.875, -5, 
0, 6.25, -5, 
-1.25, 6.25, -5, 
-2.5, 6.875, -5, 
-1.25, 6.25, -5, 
-2.5, 6.25, -5, 
-2.5, 7.5, -5, 
-1.25, 6.875, -5, 
-2.5, 6.875, -5, 
-1.25, 9.375, -5, 
0, 8.75, -5, 
-1.25, 8.75, -5, 
-2.5, 9.375, -5, 
-1.25, 8.75, -5, 
-2.5, 8.75, -5, 
-2.5, 10, -5, 
-1.25, 9.375, -5, 
-2.5, 9.375, -5, 
-1.25, 4.375, -5, 
0, 3.75, -5, 
-1.25, 3.75, -5, 
-2.5, 4.375, -5, 
-1.25, 3.75, -5, 
-2.5, 3.75, -5, 
-2.5, 5, -5, 
-1.25, 4.375, -5, 
-2.5, 4.375, -5, 
1.25, 9.375, 5, 
0, 8.75, 5, 
1.25, 8.75, 5, 
2.5, 9.375, 5, 
1.25, 8.75, 5, 
2.5, 8.75, 5, 
2.5, 10, 5, 
1.25, 9.375, 5, 
2.5, 9.375, 5, 
1.25, 4.375, 5, 
0, 3.75, 5, 
1.25, 3.75, 5, 
2.5, 4.375, 5, 
1.25, 3.75, 5, 
2.5, 3.75, 5, 
2.5, 5, 5, 
1.25, 4.375, 5, 
2.5, 4.375, 5, 
0, 10, 5, 
0, 12.9125, 0, 
-1.25, 10, 5, 
0, 12.9125, 0, 
-10, 12.9125, 0, 
-5, 10, 5, 
-1.25, 10, 5, 
0, 12.9125, 0, 
-2.5, 10, 5, 
-10, 12.9125, 0, 
-10, 10, 5, 
-8.75, 10, 5, 
-10, 12.9125, 0, 
-8.75, 10, 5, 
-7.5, 10, 5, 
-2.5, 10, 5, 
0, 12.9125, 0, 
-3.75, 10, 5, 
-3.75, 10, 5, 
0, 12.9125, 0, 
-5, 10, 5, 
-10, 12.9125, 0, 
-7.5, 10, 5, 
-6.25, 10, 5, 
10, 10, 5, 
10, 12.9125, 0, 
8.75, 10, 5, 
10, 12.9125, 0, 
0, 12.9125, 0, 
5, 10, 5, 
8.75, 10, 5, 
10, 12.9125, 0, 
7.5, 10, 5, 
0, 12.9125, 0, 
0, 10, 5, 
1.25, 10, 5, 
0, 12.9125, 0, 
1.25, 10, 5, 
2.5, 10, 5, 
7.5, 10, 5, 
10, 12.9125, 0, 
6.25, 10, 5, 
6.25, 10, 5, 
10, 12.9125, 0, 
5, 10, 5, 
0, 12.9125, 0, 
2.5, 10, 5, 
3.75, 10, 5, 
10, 12.9125, 0, 
10, 10, -5, 
8.75, 10, -5, 
10, 12.9125, 0, 
8.75, 10, -5, 
7.5, 10, -5, 
0, 10, -5, 
0, 12.9125, 0, 
1.25, 10, -5, 
0, 12.9125, 0, 
10, 12.9125, 0, 
5, 10, -5, 
1.25, 10, -5, 
0, 12.9125, 0, 
2.5, 10, -5, 
2.5, 10, -5, 
0, 12.9125, 0, 
3.75, 10, -5, 
10, 12.9125, 0, 
7.5, 10, -5, 
6.25, 10, -5, 
10, 12.9125, 0, 
6.25, 10, -5, 
5, 10, -5, 
0, 12.9125, 0, 
0, 10, -5, 
-1.25, 10, -5, 
0, 12.9125, 0, 
-1.25, 10, -5, 
-2.5, 10, -5, 
-10, 10, -5, 
-10, 12.9125, 0, 
-8.75, 10, -5, 
-10, 12.9125, 0, 
0, 12.9125, 0, 
-5, 10, -5, 
-8.75, 10, -5, 
-10, 12.9125, 0, 
-7.5, 10, -5, 
-7.5, 10, -5, 
-10, 12.9125, 0, 
-6.25, 10, -5, 
0, 12.9125, 0, 
-2.5, 10, -5, 
-3.75, 10, -5, 
0, 12.9125, 0, 
-3.75, 10, -5, 
-5, 10, -5, 
1.25, 5, 5, 
0, 5, 5, 
0, 4.375, 5, 
1.25, 10, 5, 
0, 10, 5, 
0, 9.375, 5, 
-1.25, 5, -5, 
0, 5, -5, 
0, 4.375, -5, 
-1.25, 10, -5, 
0, 10, -5, 
0, 9.375, -5, 
-10, 12.9125, 0, 
-10, 10, -5, 
-10, 10, -4.375, 
-10, 12.9125, 0, 
-10, 10, -4.375, 
-10, 10, -3.75, 
-10, 10, -0.625, 
-10, 10, 0, 
-10, 12.9125, 0, 
-10, 10, -1.25, 
-10, 10, -0.625, 
-10, 12.9125, 0, 
-10, 12.9125, 0, 
-10, 10, -3.75, 
-10, 10, -3.125, 
-10, 12.9125, 0, 
-10, 10, -3.125, 
-10, 10, -2.5, 
-10, 10, -1.875, 
-10, 10, -1.25, 
-10, 12.9125, 0, 
-10, 12.9125, 0, 
-10, 10, 0, 
-10, 10, 0.625, 
-10, 12.9125, 0, 
-10, 10, 0.625, 
-10, 10, 1.25, 
-10, 10, 4.375, 
-10, 10, 5, 
-10, 12.9125, 0, 
-10, 10, 3.75, 
-10, 10, 4.375, 
-10, 12.9125, 0, 
-10, 12.9125, 0, 
-10, 10, 1.25, 
-10, 10, 1.875, 
-10, 12.9125, 0, 
-10, 10, 1.875, 
-10, 10, 2.5, 
-10, 10, 3.125, 
-10, 10, 3.75, 
-10, 12.9125, 0, 
10, 12.9125, 0, 
10, 10, 0, 
10, 10, -0.625, 
10, 12.9125, 0, 
10, 10, -0.625, 
10, 10, -1.25, 
10, 10, -4.375, 
10, 10, -5, 
10, 12.9125, 0, 
10, 10, -3.75, 
10, 10, -4.375, 
10, 12.9125, 0, 
10, 12.9125, 0, 
10, 10, -1.25, 
10, 10, -1.875, 
10, 12.9125, 0, 
10, 10, -1.875, 
10, 10, -2.5, 
10, 10, -3.125, 
10, 10, -3.75, 
10, 12.9125, 0, 
10, 12.9125, 0, 
10, 10, 5, 
10, 10, 4.375, 
10, 12.9125, 0, 
10, 10, 4.375, 
10, 10, 3.75, 
10, 10, 0.625, 
10, 10, 0, 
10, 12.9125, 0, 
10, 10, 1.25, 
10, 10, 0.625, 
10, 12.9125, 0, 
10, 12.9125, 0, 
10, 10, 3.75, 
10, 10, 3.125, 
10, 12.9125, 0, 
10, 10, 3.125, 
10, 10, 2.5, 
10, 10, 1.875, 
10, 10, 1.25, 
10, 12.9125, 0, 
-1.25, 7.5, -5, 
0, 7.5, -5, 
0, 6.875, -5, 
1.25, 7.5, 5, 
0, 7.5, 5, 
0, 6.875, 5, 
1.25, 8.75, -5, 
2.5, 8.75, -5, 
2.5, 8.125, -5, 
1.25, 10, -5, 
2.5, 10, -5, 
2.5, 9.375, -5, 
1.25, 6.25, -5, 
2.5, 6.25, -5, 
2.5, 5.625, -5, 
1.25, 7.5, -5, 
2.5, 7.5, -5, 
2.5, 6.875, -5, 
-1.25, 8.75, 5, 
-2.5, 8.75, 5, 
-2.5, 8.125, 5, 
-1.25, 10, 5, 
-2.5, 10, 5, 
-2.5, 9.375, 5, 
-1.25, 6.25, 5, 
-2.5, 6.25, 5, 
-2.5, 5.625, 5, 
-1.25, 7.5, 5, 
-2.5, 7.5, 5, 
-2.5, 6.875, 5, 
-1.25, 5, 5, 
-2.5, 5, 5, 
-2.5, 4.375, 5, 
1.25, 6.25, 5, 
0, 6.25, 5, 
0, 5.625, 5, 
1.25, 5, -5, 
2.5, 5, -5, 
2.5, 4.375, -5, 
-1.25, 6.25, -5, 
0, 6.25, -5, 
0, 5.625, -5, 
-1.25, 8.75, -5, 
0, 8.75, -5, 
0, 8.125, -5, 
1.25, 8.75, 5, 
0, 8.75, 5, 
0, 8.125, 5, 
0, 3.75, 5, 
0, 3.75, -5, 
1.25, 3.75, -5, 
-1.25, 3.75, 5, 
-1.25, 3.75, -5, 
0, 3.75, -5, 
1.25, 8.125, 5, 
0, 8.125, 5, 
0, 7.5, 5, 
2.5, 8.125, 5, 
1.25, 8.125, 5, 
1.25, 7.5, 5, 
2.5, 8.75, 5, 
1.25, 8.75, 5, 
1.25, 8.125, 5, 
-1.25, 8.125, -5, 
0, 8.125, -5, 
0, 7.5, -5, 
-2.5, 8.125, -5, 
-1.25, 8.125, -5, 
-1.25, 7.5, -5, 
-2.5, 8.75, -5, 
-1.25, 8.75, -5, 
-1.25, 8.125, -5, 
-1.25, 5.625, -5, 
0, 5.625, -5, 
0, 5, -5, 
-2.5, 5.625, -5, 
-1.25, 5.625, -5, 
-1.25, 5, -5, 
-2.5, 6.25, -5, 
-1.25, 6.25, -5, 
-1.25, 5.625, -5, 
1.25, 4.375, -5, 
2.5, 4.375, -5, 
2.5, 3.75, -5, 
0, 4.375, -5, 
1.25, 4.375, -5, 
1.25, 3.75, -5, 
0, 5, -5, 
1.25, 5, -5, 
1.25, 4.375, -5, 
1.25, 5.625, 5, 
0, 5.625, 5, 
0, 5, 5, 
2.5, 5.625, 5, 
1.25, 5.625, 5, 
1.25, 5, 5, 
2.5, 6.25, 5, 
1.25, 6.25, 5, 
1.25, 5.625, 5, 
1.25, 3.75, 5, 
1.25, 3.75, -5, 
2.5, 3.75, -5, 
-1.25, 4.375, 5, 
-2.5, 4.375, 5, 
-2.5, 3.75, 5, 
0, 4.375, 5, 
-1.25, 4.375, 5, 
-1.25, 3.75, 5, 
0, 5, 5, 
-1.25, 5, 5, 
-1.25, 4.375, 5, 
-2.5, 3.75, 5, 
-2.5, 3.75, -5, 
-1.25, 3.75, -5, 
-1.25, 6.875, 5, 
-2.5, 6.875, 5, 
-2.5, 6.25, 5, 
0, 6.875, 5, 
-1.25, 6.875, 5, 
-1.25, 6.25, 5, 
0, 7.5, 5, 
-1.25, 7.5, 5, 
-1.25, 6.875, 5, 
-1.25, 5.625, 5, 
-2.5, 5.625, 5, 
-2.5, 5, 5, 
0, 5.625, 5, 
-1.25, 5.625, 5, 
-1.25, 5, 5, 
0, 6.25, 5, 
-1.25, 6.25, 5, 
-1.25, 5.625, 5, 
-1.25, 9.375, 5, 
-2.5, 9.375, 5, 
-2.5, 8.75, 5, 
0, 9.375, 5, 
-1.25, 9.375, 5, 
-1.25, 8.75, 5, 
0, 10, 5, 
-1.25, 10, 5, 
-1.25, 9.375, 5, 
-1.25, 8.125, 5, 
-2.5, 8.125, 5, 
-2.5, 7.5, 5, 
0, 8.125, 5, 
-1.25, 8.125, 5, 
-1.25, 7.5, 5, 
0, 8.75, 5, 
-1.25, 8.75, 5, 
-1.25, 8.125, 5, 
1.25, 6.875, -5, 
2.5, 6.875, -5, 
2.5, 6.25, -5, 
0, 6.875, -5, 
1.25, 6.875, -5, 
1.25, 6.25, -5, 
0, 7.5, -5, 
1.25, 7.5, -5, 
1.25, 6.875, -5, 
1.25, 5.625, -5, 
2.5, 5.625, -5, 
2.5, 5, -5, 
0, 5.625, -5, 
1.25, 5.625, -5, 
1.25, 5, -5, 
0, 6.25, -5, 
1.25, 6.25, -5, 
1.25, 5.625, -5, 
1.25, 9.375, -5, 
2.5, 9.375, -5, 
2.5, 8.75, -5, 
0, 9.375, -5, 
1.25, 9.375, -5, 
1.25, 8.75, -5, 
0, 10, -5, 
1.25, 10, -5, 
1.25, 9.375, -5, 
1.25, 8.125, -5, 
2.5, 8.125, -5, 
2.5, 7.5, -5, 
0, 8.125, -5, 
1.25, 8.125, -5, 
1.25, 7.5, -5, 
0, 8.75, -5, 
1.25, 8.75, -5, 
1.25, 8.125, -5, 
1.25, 6.875, 5, 
0, 6.875, 5, 
0, 6.25, 5, 
2.5, 6.875, 5, 
1.25, 6.875, 5, 
1.25, 6.25, 5, 
2.5, 7.5, 5, 
1.25, 7.5, 5, 
1.25, 6.875, 5, 
-1.25, 6.875, -5, 
0, 6.875, -5, 
0, 6.25, -5, 
-2.5, 6.875, -5, 
-1.25, 6.875, -5, 
-1.25, 6.25, -5, 
-2.5, 7.5, -5, 
-1.25, 7.5, -5, 
-1.25, 6.875, -5, 
-1.25, 9.375, -5, 
0, 9.375, -5, 
0, 8.75, -5, 
-2.5, 9.375, -5, 
-1.25, 9.375, -5, 
-1.25, 8.75, -5, 
-2.5, 10, -5, 
-1.25, 10, -5, 
-1.25, 9.375, -5, 
-1.25, 4.375, -5, 
0, 4.375, -5, 
0, 3.75, -5, 
-2.5, 4.375, -5, 
-1.25, 4.375, -5, 
-1.25, 3.75, -5, 
-2.5, 5, -5, 
-1.25, 5, -5, 
-1.25, 4.375, -5, 
1.25, 9.375, 5, 
0, 9.375, 5, 
0, 8.75, 5, 
2.5, 9.375, 5, 
1.25, 9.375, 5, 
1.25, 8.75, 5, 
2.5, 10, 5, 
1.25, 10, 5, 
1.25, 9.375, 5, 
1.25, 4.375, 5, 
0, 4.375, 5, 
0, 3.75, 5, 
2.5, 4.375, 5, 
1.25, 4.375, 5, 
1.25, 3.75, 5, 
2.5, 5, 5, 
1.25, 5, 5, 
1.25, 4.375, 5, 
]);
var ent2n = new Float32Array([
0, 0.8641, 0.5033, 
0, 0.8641, 0.5033, 
0, 0.8641, 0.5033, 
0, 0.8641, 0.5033, 
0, 0.8641, 0.5033, 
0, 0.8641, 0.5033, 
0, 0.8641, -0.5033, 
0, 0.8641, -0.5033, 
0, 0.8641, -0.5033, 
0, 0.8641, -0.5033, 
0, 0.8641, -0.5033, 
0, 0.8641, -0.5033, 
0, 0, 1, 
0, 0, 1, 
0, 0, 1, 
0, 0, 1, 
0, 0, 1, 
0, 0, 1, 
0, 0, -1, 
0, 0, -1, 
0, 0, -1, 
0, 0, -1, 
0, 0, -1, 
0, 0, -1, 
-1, 0, 0, 
-1, 0, 0, 
-1, 0, 0, 
-1, 0, 0, 
-1, 0, 0, 
-1, 0, 0, 
1, 0, 0, 
1, 0, 0, 
1, 0, 0, 
1, 0, 0, 
1, 0, 0, 
1, 0, 0, 
0, 0, -1, 
0, 0, -1, 
0, 0, -1, 
0, 0, 1, 
0, 0, 1, 
0, 0, 1, 
0, 0, -1, 
0, 0, -1, 
0, 0, -1, 
0, 0, -1, 
0, 0, -1, 
0, 0, -1, 
0, 0, -1, 
0, 0, -1, 
0, 0, -1, 
0, 0, -1, 
0, 0, -1, 
0, 0, -1, 
0, 0, 1, 
0, 0, 1, 
0, 0, 1, 
0, 0, 1, 
0, 0, 1, 
0, 0, 1, 
0, 0, 1, 
0, 0, 1, 
0, 0, 1, 
0, 0, 1, 
0, 0, 1, 
0, 0, 1, 
0, 0, 1, 
0, 0, 1, 
0, 0, 1, 
0, 0, 1, 
0, 0, 1, 
0, 0, 1, 
0, 0, -1, 
0, 0, -1, 
0, 0, -1, 
0, 0, -1, 
0, 0, -1, 
0, 0, -1, 
0, 0, -1, 
0, 0, -1, 
0, 0, -1, 
0, 0, 1, 
0, 0, 1, 
0, 0, 1, 
0, -1, 0, 
0, -1, 0, 
0, -1, 0, 
0, -1, 0, 
0, -1, 0, 
0, -1, 0, 
0, 0, 1, 
0, 0, 1, 
0, 0, 1, 
0, 0, 1, 
0, 0, 1, 
0, 0, 1, 
0, 0, 1, 
0, 0, 1, 
0, 0, 1, 
0, 0, -1, 
0, 0, -1, 
0, 0, -1, 
0, 0, -1, 
0, 0, -1, 
0, 0, -1, 
0, 0, -1, 
0, 0, -1, 
0, 0, -1, 
0, 0, -1, 
0, 0, -1, 
0, 0, -1, 
0, 0, -1, 
0, 0, -1, 
0, 0, -1, 
0, 0, -1, 
0, 0, -1, 
0, 0, -1, 
0, 0, -1, 
0, 0, -1, 
0, 0, -1, 
0, 0, -1, 
0, 0, -1, 
0, 0, -1, 
0, 0, -1, 
0, 0, -1, 
0, 0, -1, 
0, 0, 1, 
0, 0, 1, 
0, 0, 1, 
0, 0, 1, 
0, 0, 1, 
0, 0, 1, 
0, 0, 1, 
0, 0, 1, 
0, 0, 1, 
0, -1, 0, 
0, -1, 0, 
0, -1, 0, 
0, 0, 1, 
0, 0, 1, 
0, 0, 1, 
0, 0, 1, 
0, 0, 1, 
0, 0, 1, 
0, 0, 1, 
0, 0, 1, 
0, 0, 1, 
0, -1, 0, 
0, -1, 0, 
0, -1, 0, 
0, 0, 1, 
0, 0, 1, 
0, 0, 1, 
0, 0, 1, 
0, 0, 1, 
0, 0, 1, 
0, 0, 1, 
0, 0, 1, 
0, 0, 1, 
0, 0, 1, 
0, 0, 1, 
0, 0, 1, 
0, 0, 1, 
0, 0, 1, 
0, 0, 1, 
0, 0, 1, 
0, 0, 1, 
0, 0, 1, 
0, 0, 1, 
0, 0, 1, 
0, 0, 1, 
0, 0, 1, 
0, 0, 1, 
0, 0, 1, 
0, 0, 1, 
0, 0, 1, 
0, 0, 1, 
0, 0, 1, 
0, 0, 1, 
0, 0, 1, 
0, 0, 1, 
0, 0, 1, 
0, 0, 1, 
0, 0, 1, 
0, 0, 1, 
0, 0, 1, 
0, 0, -1, 
0, 0, -1, 
0, 0, -1, 
0, 0, -1, 
0, 0, -1, 
0, 0, -1, 
0, 0, -1, 
0, 0, -1, 
0, 0, -1, 
0, 0, -1, 
0, 0, -1, 
0, 0, -1, 
0, 0, -1, 
0, 0, -1, 
0, 0, -1, 
0, 0, -1, 
0, 0, -1, 
0, 0, -1, 
0, 0, -1, 
0, 0, -1, 
0, 0, -1, 
0, 0, -1, 
0, 0, -1, 
0, 0, -1, 
0, 0, -1, 
0, 0, -1, 
0, 0, -1, 
0, 0, -1, 
0, 0, -1, 
0, 0, -1, 
0, 0, -1, 
0, 0, -1, 
0, 0, -1, 
0, 0, -1, 
0, 0, -1, 
0, 0, -1, 
0, 0, 1, 
0, 0, 1, 
0, 0, 1, 
0, 0, 1, 
0, 0, 1, 
0, 0, 1, 
0, 0, 1, 
0, 0, 1, 
0, 0, 1, 
0, 0, -1, 
0, 0, -1, 
0, 0, -1, 
0, 0, -1, 
0, 0, -1, 
0, 0, -1, 
0, 0, -1, 
0, 0, -1, 
0, 0, -1, 
0, 0, -1, 
0, 0, -1, 
0, 0, -1, 
0, 0, -1, 
0, 0, -1, 
0, 0, -1, 
0, 0, -1, 
0, 0, -1, 
0, 0, -1, 
0, 0, -1, 
0, 0, -1, 
0, 0, -1, 
0, 0, -1, 
0, 0, -1, 
0, 0, -1, 
0, 0, -1, 
0, 0, -1, 
0, 0, -1, 
0, 0, 1, 
0, 0, 1, 
0, 0, 1, 
0, 0, 1, 
0, 0, 1, 
0, 0, 1, 
0, 0, 1, 
0, 0, 1, 
0, 0, 1, 
0, 0, 1, 
0, 0, 1, 
0, 0, 1, 
0, 0, 1, 
0, 0, 1, 
0, 0, 1, 
0, 0, 1, 
0, 0, 1, 
0, 0, 1, 
0, 0.8641, 0.5033, 
0, 0.8641, 0.5033, 
0, 0.8641, 0.5033, 
0, 0.8641, 0.5033, 
0, 0.8641, 0.5033, 
0, 0.8641, 0.5033, 
0, 0.8641, 0.5033, 
0, 0.8641, 0.5033, 
0, 0.8641, 0.5033, 
0, 0.8641, 0.5033, 
0, 0.8641, 0.5033, 
0, 0.8641, 0.5033, 
0, 0.8641, 0.5033, 
0, 0.8641, 0.5033, 
0, 0.8641, 0.5033, 
0, 0.8641, 0.5033, 
0, 0.8641, 0.5033, 
0, 0.8641, 0.5033, 
0, 0.8641, 0.5033, 
0, 0.8641, 0.5033, 
0, 0.8641, 0.5033, 
0, 0.8641, 0.5033, 
0, 0.8641, 0.5033, 
0, 0.8641, 0.5033, 
0, 0.8641, 0.5033, 
0, 0.8641, 0.5033, 
0, 0.8641, 0.5033, 
0, 0.8641, 0.5033, 
0, 0.8641, 0.5033, 
0, 0.8641, 0.5033, 
0, 0.8641, 0.5033, 
0, 0.8641, 0.5033, 
0, 0.8641, 0.5033, 
0, 0.8641, 0.5033, 
0, 0.8641, 0.5033, 
0, 0.8641, 0.5033, 
0, 0.8641, 0.5033, 
0, 0.8641, 0.5033, 
0, 0.8641, 0.5033, 
0, 0.8641, 0.5033, 
0, 0.8641, 0.5033, 
0, 0.8641, 0.5033, 
0, 0.8641, 0.5033, 
0, 0.8641, 0.5033, 
0, 0.8641, 0.5033, 
0, 0.8641, 0.5033, 
0, 0.8641, 0.5033, 
0, 0.8641, 0.5033, 
0, 0.8641, -0.5033, 
0, 0.8641, -0.5033, 
0, 0.8641, -0.5033, 
0, 0.8641, -0.5033, 
0, 0.8641, -0.5033, 
0, 0.8641, -0.5033, 
0, 0.8641, -0.5033, 
0, 0.8641, -0.5033, 
0, 0.8641, -0.5033, 
0, 0.8641, -0.5033, 
0, 0.8641, -0.5033, 
0, 0.8641, -0.5033, 
0, 0.8641, -0.5033, 
0, 0.8641, -0.5033, 
0, 0.8641, -0.5033, 
0, 0.8641, -0.5033, 
0, 0.8641, -0.5033, 
0, 0.8641, -0.5033, 
0, 0.8641, -0.5033, 
0, 0.8641, -0.5033, 
0, 0.8641, -0.5033, 
0, 0.8641, -0.5033, 
0, 0.8641, -0.5033, 
0, 0.8641, -0.5033, 
0, 0.8641, -0.5033, 
0, 0.8641, -0.5033, 
0, 0.8641, -0.5033, 
0, 0.8641, -0.5033, 
0, 0.8641, -0.5033, 
0, 0.8641, -0.5033, 
0, 0.8641, -0.5033, 
0, 0.8641, -0.5033, 
0, 0.8641, -0.5033, 
0, 0.8641, -0.5033, 
0, 0.8641, -0.5033, 
0, 0.8641, -0.5033, 
0, 0.8641, -0.5033, 
0, 0.8641, -0.5033, 
0, 0.8641, -0.5033, 
0, 0.8641, -0.5033, 
0, 0.8641, -0.5033, 
0, 0.8641, -0.5033, 
0, 0.8641, -0.5033, 
0, 0.8641, -0.5033, 
0, 0.8641, -0.5033, 
0, 0.8641, -0.5033, 
0, 0.8641, -0.5033, 
0, 0.8641, -0.5033, 
0, 0, 1, 
0, 0, 1, 
0, 0, 1, 
0, 0, 1, 
0, 0, 1, 
0, 0, 1, 
0, 0, -1, 
0, 0, -1, 
0, 0, -1, 
0, 0, -1, 
0, 0, -1, 
0, 0, -1, 
-1, 0, 0, 
-1, 0, 0, 
-1, 0, 0, 
-1, 0, 0, 
-1, 0, 0, 
-1, 0, 0, 
-1, 0, 0, 
-1, 0, 0, 
-1, 0, 0, 
-1, 0, 0, 
-1, 0, 0, 
-1, 0, 0, 
-1, 0, 0, 
-1, 0, 0, 
-1, 0, 0, 
-1, 0, 0, 
-1, 0, 0, 
-1, 0, 0, 
-1, 0, 0, 
-1, 0, 0, 
-1, 0, 0, 
-1, 0, 0, 
-1, 0, 0, 
-1, 0, 0, 
-1, 0, 0, 
-1, 0, 0, 
-1, 0, 0, 
-1, 0, 0, 
-1, 0, 0, 
-1, 0, 0, 
-1, 0, 0, 
-1, 0, 0, 
-1, 0, 0, 
-1, 0, 0, 
-1, 0, 0, 
-1, 0, 0, 
-1, 0, 0, 
-1, 0, 0, 
-1, 0, 0, 
-1, 0, 0, 
-1, 0, 0, 
-1, 0, 0, 
1, 0, 0, 
1, 0, 0, 
1, 0, 0, 
1, 0, 0, 
1, 0, 0, 
1, 0, 0, 
1, 0, 0, 
1, 0, 0, 
1, 0, 0, 
1, 0, 0, 
1, 0, 0, 
1, 0, 0, 
1, 0, 0, 
1, 0, 0, 
1, 0, 0, 
1, 0, 0, 
1, 0, 0, 
1, 0, 0, 
1, 0, 0, 
1, 0, 0, 
1, 0, 0, 
1, 0, 0, 
1, 0, 0, 
1, 0, 0, 
1, 0, 0, 
1, 0, 0, 
1, 0, 0, 
1, 0, 0, 
1, 0, 0, 
1, 0, 0, 
1, 0, 0, 
1, 0, 0, 
1, 0, 0, 
1, 0, 0, 
1, 0, 0, 
1, 0, 0, 
1, 0, 0, 
1, 0, 0, 
1, 0, 0, 
1, 0, 0, 
1, 0, 0, 
1, 0, 0, 
0, 0, -1, 
0, 0, -1, 
0, 0, -1, 
0, 0, 1, 
0, 0, 1, 
0, 0, 1, 
0, 0, -1, 
0, 0, -1, 
0, 0, -1, 
0, 0, -1, 
0, 0, -1, 
0, 0, -1, 
0, 0, -1, 
0, 0, -1, 
0, 0, -1, 
0, 0, -1, 
0, 0, -1, 
0, 0, -1, 
0, 0, 1, 
0, 0, 1, 
0, 0, 1, 
0, 0, 1, 
0, 0, 1, 
0, 0, 1, 
0, 0, 1, 
0, 0, 1, 
0, 0, 1, 
0, 0, 1, 
0, 0, 1, 
0, 0, 1, 
0, 0, 1, 
0, 0, 1, 
0, 0, 1, 
0, 0, 1, 
0, 0, 1, 
0, 0, 1, 
0, 0, -1, 
0, 0, -1, 
0, 0, -1, 
0, 0, -1, 
0, 0, -1, 
0, 0, -1, 
0, 0, -1, 
0, 0, -1, 
0, 0, -1, 
0, 0, 1, 
0, 0, 1, 
0, 0, 1, 
0, -1, 0, 
0, -1, 0, 
0, -1, 0, 
0, -1, 0, 
0, -1, 0, 
0, -1, 0, 
0, 0, 1, 
0, 0, 1, 
0, 0, 1, 
0, 0, 1, 
0, 0, 1, 
0, 0, 1, 
0, 0, 1, 
0, 0, 1, 
0, 0, 1, 
0, 0, -1, 
0, 0, -1, 
0, 0, -1, 
0, 0, -1, 
0, 0, -1, 
0, 0, -1, 
0, 0, -1, 
0, 0, -1, 
0, 0, -1, 
0, 0, -1, 
0, 0, -1, 
0, 0, -1, 
0, 0, -1, 
0, 0, -1, 
0, 0, -1, 
0, 0, -1, 
0, 0, -1, 
0, 0, -1, 
0, 0, -1, 
0, 0, -1, 
0, 0, -1, 
0, 0, -1, 
0, 0, -1, 
0, 0, -1, 
0, 0, -1, 
0, 0, -1, 
0, 0, -1, 
0, 0, 1, 
0, 0, 1, 
0, 0, 1, 
0, 0, 1, 
0, 0, 1, 
0, 0, 1, 
0, 0, 1, 
0, 0, 1, 
0, 0, 1, 
0, -1, 0, 
0, -1, 0, 
0, -1, 0, 
0, 0, 1, 
0, 0, 1, 
0, 0, 1, 
0, 0, 1, 
0, 0, 1, 
0, 0, 1, 
0, 0, 1, 
0, 0, 1, 
0, 0, 1, 
0, -1, 0, 
0, -1, 0, 
0, -1, 0, 
0, 0, 1, 
0, 0, 1, 
0, 0, 1, 
0, 0, 1, 
0, 0, 1, 
0, 0, 1, 
0, 0, 1, 
0, 0, 1, 
0, 0, 1, 
0, 0, 1, 
0, 0, 1, 
0, 0, 1, 
0, 0, 1, 
0, 0, 1, 
0, 0, 1, 
0, 0, 1, 
0, 0, 1, 
0, 0, 1, 
0, 0, 1, 
0, 0, 1, 
0, 0, 1, 
0, 0, 1, 
0, 0, 1, 
0, 0, 1, 
0, 0, 1, 
0, 0, 1, 
0, 0, 1, 
0, 0, 1, 
0, 0, 1, 
0, 0, 1, 
0, 0, 1, 
0, 0, 1, 
0, 0, 1, 
0, 0, 1, 
0, 0, 1, 
0, 0, 1, 
0, 0, -1, 
0, 0, -1, 
0, 0, -1, 
0, 0, -1, 
0, 0, -1, 
0, 0, -1, 
0, 0, -1, 
0, 0, -1, 
0, 0, -1, 
0, 0, -1, 
0, 0, -1, 
0, 0, -1, 
0, 0, -1, 
0, 0, -1, 
0, 0, -1, 
0, 0, -1, 
0, 0, -1, 
0, 0, -1, 
0, 0, -1, 
0, 0, -1, 
0, 0, -1, 
0, 0, -1, 
0, 0, -1, 
0, 0, -1, 
0, 0, -1, 
0, 0, -1, 
0, 0, -1, 
0, 0, -1, 
0, 0, -1, 
0, 0, -1, 
0, 0, -1, 
0, 0, -1, 
0, 0, -1, 
0, 0, -1, 
0, 0, -1, 
0, 0, -1, 
0, 0, 1, 
0, 0, 1, 
0, 0, 1, 
0, 0, 1, 
0, 0, 1, 
0, 0, 1, 
0, 0, 1, 
0, 0, 1, 
0, 0, 1, 
0, 0, -1, 
0, 0, -1, 
0, 0, -1, 
0, 0, -1, 
0, 0, -1, 
0, 0, -1, 
0, 0, -1, 
0, 0, -1, 
0, 0, -1, 
0, 0, -1, 
0, 0, -1, 
0, 0, -1, 
0, 0, -1, 
0, 0, -1, 
0, 0, -1, 
0, 0, -1, 
0, 0, -1, 
0, 0, -1, 
0, 0, -1, 
0, 0, -1, 
0, 0, -1, 
0, 0, -1, 
0, 0, -1, 
0, 0, -1, 
0, 0, -1, 
0, 0, -1, 
0, 0, -1, 
0, 0, 1, 
0, 0, 1, 
0, 0, 1, 
0, 0, 1, 
0, 0, 1, 
0, 0, 1, 
0, 0, 1, 
0, 0, 1, 
0, 0, 1, 
0, 0, 1, 
0, 0, 1, 
0, 0, 1, 
0, 0, 1, 
0, 0, 1, 
0, 0, 1, 
0, 0, 1, 
0, 0, 1, 
0, 0, 1, 
]);
var ent2u = new Float32Array([
0.422941, 0.73528, 
0.41892, 0.746, 
0.41758, 0.746, 
0.41222, 0.73528, 
0.4082, 0.746, 
0.40686, 0.746, 
0.4082, 0.724559, 
0.41222, 0.73528, 
0.40686, 0.724559, 
0.41892, 0.724559, 
0.422941, 0.73528, 
0.41758, 0.724559, 
0.617356, 0.121135, 
0.508, 0.062393, 
0.617356, 0.062393, 
0.617356, 0.591072, 
0.507999, 0.53233, 
0.617356, 0.53233, 
0.596791, 0.032542, 
0.500231, 0.009027, 
0.597022, 0.009083, 
0.594941, 0.595098, 
0.498381, 0.5822, 
0.595172, 0.582231, 
0.419407, 0.745997, 
0.418302, 0.742996, 
0.423825, 0.733993, 
0.419407, 0.72199, 
0.420511, 0.718989, 
0.423825, 0.733993, 
0.419407, 0.72199, 
0.420511, 0.718989, 
0.423825, 0.733993, 
0.419407, 0.745997, 
0.418302, 0.742996, 
0.423825, 0.733993, 
0.595866, 0.410395, 
0.499306, 0.347758, 
0.596097, 0.347907, 
0.617356, 0.356103, 
0.508, 0.297361, 
0.617356, 0.297361, 
0.401821, 0.535071, 
0.305261, 0.472434, 
0.402053, 0.472583, 
0.401359, 0.595036, 
0.304799, 0.582138, 
0.40159, 0.582169, 
0.402746, 0.285122, 
0.306186, 0.222485, 
0.402978, 0.222634, 
0.402284, 0.410096, 
0.305724, 0.34746, 
0.402515, 0.347609, 
0.398643, 0.473587, 
0.289286, 0.414845, 
0.398643, 0.414845, 
0.398643, 0.591072, 
0.289286, 0.53233, 
0.398643, 0.53233, 
0.398643, 0.238619, 
0.289286, 0.179877, 
0.398643, 0.179877, 
0.398643, 0.356103, 
0.289286, 0.297361, 
0.398643, 0.297361, 
0.398643, 0.121135, 
0.289287, 0.062393, 
0.398643, 0.062393, 
0.617356, 0.238619, 
0.508, 0.179877, 
0.617356, 0.179877, 
0.403209, 0.03243, 
0.306649, 0.008915, 
0.40344, 0.008971, 
0.596329, 0.28542, 
0.499769, 0.222784, 
0.59656, 0.222933, 
0.595404, 0.535369, 
0.498844, 0.472733, 
0.595635, 0.472882, 
0.617356, 0.473588, 
0.507999, 0.414845, 
0.617356, 0.414845, 
0.36514, 0.452839, 
0.36514, 0.452839, 
0.36514, 0.452839, 
0.36514, 0.452839, 
0.36514, 0.452839, 
0.36514, 0.452839, 
0.617356, 0.414845, 
0.508, 0.356103, 
0.617356, 0.356103, 
0.726713, 0.414845, 
0.617356, 0.356103, 
0.726713, 0.356103, 
0.726713, 0.473588, 
0.617356, 0.414845, 
0.726713, 0.414845, 
0.595635, 0.472882, 
0.499075, 0.410246, 
0.595866, 0.410395, 
0.692426, 0.473031, 
0.595866, 0.410395, 
0.692657, 0.410544, 
0.692195, 0.535519, 
0.595635, 0.472882, 
0.692426, 0.473031, 
0.59656, 0.550669, 
0.5, 0.603692, 
0.596791, 0.603565, 
0.693351, 0.550543, 
0.596791, 0.603565, 
0.693582, 0.603439, 
0.69312, 0.285569, 
0.59656, 0.222933, 
0.693351, 0.223082, 
0.40344, 0.599364, 
0.30688, 0.536727, 
0.403671, 0.536876, 
0.500231, 0.599513, 
0.403671, 0.536876, 
0.500463, 0.537025, 
0.5, 0.032486, 
0.40344, 0.008971, 
0.500231, 0.009027, 
0.617356, 0.179877, 
0.508, 0.121135, 
0.617356, 0.121135, 
0.726713, 0.179877, 
0.617356, 0.121135, 
0.726713, 0.121135, 
0.726713, 0.238619, 
0.617356, 0.179877, 
0.726713, 0.179877, 
0.36514, 0.452839, 
0.36514, 0.452839, 
0.36514, 0.452839, 
0.398643, 0.062393, 
0.289287, 0.003651, 
0.398643, 0.003651, 
0.508, 0.062393, 
0.398643, 0.003651, 
0.508, 0.003651, 
0.508, 0.121135, 
0.398643, 0.062393, 
0.508, 0.062393, 
0.36514, 0.452839, 
0.36514, 0.452839, 
0.36514, 0.452839, 
0.398643, 0.297361, 
0.289286, 0.238619, 
0.398643, 0.238619, 
0.508, 0.297361, 
0.398643, 0.238619, 
0.508, 0.238619, 
0.508, 0.356103, 
0.398643, 0.297361, 
0.508, 0.297361, 
0.398643, 0.179877, 
0.289286, 0.121135, 
0.398643, 0.121135, 
0.508, 0.179877, 
0.398643, 0.121135, 
0.508, 0.121135, 
0.508, 0.238619, 
0.398643, 0.179877, 
0.508, 0.179877, 
0.398643, 0.53233, 
0.289286, 0.473587, 
0.398643, 0.473587, 
0.507999, 0.53233, 
0.398643, 0.473587, 
0.507999, 0.473588, 
0.507999, 0.591072, 
0.398643, 0.53233, 
0.507999, 0.53233, 
0.398643, 0.414845, 
0.289286, 0.356103, 
0.398643, 0.356103, 
0.507999, 0.414845, 
0.398643, 0.356103, 
0.508, 0.356103, 
0.507999, 0.473588, 
0.398643, 0.414845, 
0.507999, 0.414845, 
0.402515, 0.347609, 
0.305955, 0.284972, 
0.402746, 0.285122, 
0.499306, 0.347758, 
0.402746, 0.285122, 
0.499538, 0.285271, 
0.499075, 0.410246, 
0.402515, 0.347609, 
0.499306, 0.347758, 
0.402978, 0.550922, 
0.306418, 0.603945, 
0.403209, 0.603818, 
0.499769, 0.550796, 
0.403209, 0.603818, 
0.5, 0.603692, 
0.499538, 0.285271, 
0.402978, 0.222634, 
0.499769, 0.222784, 
0.40159, 0.597558, 
0.30503, 0.534921, 
0.401821, 0.535071, 
0.498381, 0.597707, 
0.401821, 0.535071, 
0.498612, 0.53522, 
0.49815, 0.595067, 
0.40159, 0.582169, 
0.498381, 0.5822, 
0.402053, 0.472583, 
0.305493, 0.409947, 
0.402284, 0.410096, 
0.498844, 0.472733, 
0.402284, 0.410096, 
0.499075, 0.410246, 
0.498612, 0.53522, 
0.402053, 0.472583, 
0.498844, 0.472733, 
0.617356, 0.297361, 
0.508, 0.238619, 
0.617356, 0.238619, 
0.726713, 0.297361, 
0.617356, 0.238619, 
0.726713, 0.238619, 
0.726713, 0.356103, 
0.617356, 0.297361, 
0.726713, 0.297361, 
0.596097, 0.347907, 
0.499538, 0.285271, 
0.596329, 0.28542, 
0.692889, 0.348057, 
0.596329, 0.28542, 
0.69312, 0.285569, 
0.692657, 0.410544, 
0.596097, 0.347907, 
0.692889, 0.348057, 
0.595172, 0.597857, 
0.498612, 0.53522, 
0.595404, 0.535369, 
0.691964, 0.598006, 
0.595404, 0.535369, 
0.692195, 0.535519, 
0.691732, 0.595129, 
0.595172, 0.582231, 
0.691964, 0.582261, 
0.597022, 0.599662, 
0.500463, 0.537025, 
0.597254, 0.537175, 
0.693814, 0.599811, 
0.597254, 0.537175, 
0.694045, 0.537324, 
0.693582, 0.032598, 
0.597022, 0.009083, 
0.693814, 0.009139, 
0.617356, 0.53233, 
0.507999, 0.473588, 
0.617356, 0.473588, 
0.726713, 0.53233, 
0.617356, 0.473588, 
0.726713, 0.473588, 
0.726713, 0.591072, 
0.617356, 0.53233, 
0.726713, 0.53233, 
0.617356, 0.062393, 
0.508, 0.003651, 
0.617357, 0.003651, 
0.726713, 0.062393, 
0.617357, 0.003651, 
0.726713, 0.003651, 
0.726713, 0.121135, 
0.617356, 0.062393, 
0.726713, 0.062393, 
0.41222, 0.746, 
0.41222, 0.73528, 
0.41356, 0.746, 
0.41222, 0.73528, 
0.422941, 0.73528, 
0.41758, 0.746, 
0.41356, 0.746, 
0.41222, 0.73528, 
0.4149, 0.746, 
0.422941, 0.73528, 
0.422941, 0.746, 
0.421601, 0.746, 
0.422941, 0.73528, 
0.421601, 0.746, 
0.420261, 0.746, 
0.4149, 0.746, 
0.41222, 0.73528, 
0.41624, 0.746, 
0.41624, 0.746, 
0.41222, 0.73528, 
0.41758, 0.746, 
0.422941, 0.73528, 
0.420261, 0.746, 
0.41892, 0.746, 
0.4015, 0.746, 
0.4015, 0.73528, 
0.40284, 0.746, 
0.4015, 0.73528, 
0.41222, 0.73528, 
0.40686, 0.746, 
0.40284, 0.746, 
0.4015, 0.73528, 
0.40418, 0.746, 
0.41222, 0.73528, 
0.41222, 0.746, 
0.41088, 0.746, 
0.41222, 0.73528, 
0.41088, 0.746, 
0.40954, 0.746, 
0.40418, 0.746, 
0.4015, 0.73528, 
0.40552, 0.746, 
0.40552, 0.746, 
0.4015, 0.73528, 
0.40686, 0.746, 
0.41222, 0.73528, 
0.40954, 0.746, 
0.4082, 0.746, 
0.4015, 0.73528, 
0.4015, 0.724559, 
0.40284, 0.724559, 
0.4015, 0.73528, 
0.40284, 0.724559, 
0.40418, 0.724559, 
0.41222, 0.724559, 
0.41222, 0.73528, 
0.41088, 0.724559, 
0.41222, 0.73528, 
0.4015, 0.73528, 
0.40686, 0.724559, 
0.41088, 0.724559, 
0.41222, 0.73528, 
0.40954, 0.724559, 
0.40954, 0.724559, 
0.41222, 0.73528, 
0.4082, 0.724559, 
0.4015, 0.73528, 
0.40418, 0.724559, 
0.40552, 0.724559, 
0.4015, 0.73528, 
0.40552, 0.724559, 
0.40686, 0.724559, 
0.41222, 0.73528, 
0.41222, 0.724559, 
0.41356, 0.724559, 
0.41222, 0.73528, 
0.41356, 0.724559, 
0.4149, 0.724559, 
0.422941, 0.724559, 
0.422941, 0.73528, 
0.421601, 0.724559, 
0.422941, 0.73528, 
0.41222, 0.73528, 
0.41758, 0.724559, 
0.421601, 0.724559, 
0.422941, 0.73528, 
0.420261, 0.724559, 
0.420261, 0.724559, 
0.422941, 0.73528, 
0.41892, 0.724559, 
0.41222, 0.73528, 
0.4149, 0.724559, 
0.41624, 0.724559, 
0.41222, 0.73528, 
0.41624, 0.724559, 
0.41758, 0.724559, 
0.617356, 0.121135, 
0.508, 0.121135, 
0.508, 0.062393, 
0.617356, 0.591072, 
0.507999, 0.591072, 
0.507999, 0.53233, 
0.596791, 0.032542, 
0.5, 0.032486, 
0.500231, 0.009027, 
0.594941, 0.595098, 
0.49815, 0.595067, 
0.498381, 0.5822, 
0.423825, 0.733993, 
0.423825, 0.758, 
0.422721, 0.754999, 
0.423825, 0.733993, 
0.422721, 0.754999, 
0.421616, 0.751998, 
0.416093, 0.736994, 
0.414988, 0.733993, 
0.423825, 0.733993, 
0.417198, 0.739995, 
0.416093, 0.736994, 
0.423825, 0.733993, 
0.423825, 0.733993, 
0.421616, 0.751998, 
0.420511, 0.748997, 
0.423825, 0.733993, 
0.420511, 0.748997, 
0.419407, 0.745997, 
0.418302, 0.742996, 
0.417198, 0.739995, 
0.423825, 0.733993, 
0.423825, 0.733993, 
0.414988, 0.733993, 
0.416093, 0.730992, 
0.423825, 0.733993, 
0.416093, 0.730992, 
0.417198, 0.727991, 
0.422721, 0.712987, 
0.423825, 0.709986, 
0.423825, 0.733993, 
0.421616, 0.715988, 
0.422721, 0.712987, 
0.423825, 0.733993, 
0.423825, 0.733993, 
0.417198, 0.727991, 
0.418302, 0.72499, 
0.423825, 0.733993, 
0.418302, 0.72499, 
0.419407, 0.72199, 
0.420511, 0.718989, 
0.421616, 0.715988, 
0.423825, 0.733993, 
0.423825, 0.733993, 
0.414988, 0.733993, 
0.416093, 0.730992, 
0.423825, 0.733993, 
0.416093, 0.730992, 
0.417198, 0.727991, 
0.422721, 0.712987, 
0.423825, 0.709986, 
0.423825, 0.733993, 
0.421616, 0.715988, 
0.422721, 0.712987, 
0.423825, 0.733993, 
0.423825, 0.733993, 
0.417198, 0.727991, 
0.418302, 0.72499, 
0.423825, 0.733993, 
0.418302, 0.72499, 
0.419407, 0.72199, 
0.420511, 0.718989, 
0.421616, 0.715988, 
0.423825, 0.733993, 
0.423825, 0.733993, 
0.423825, 0.758, 
0.422721, 0.754999, 
0.423825, 0.733993, 
0.422721, 0.754999, 
0.421616, 0.751998, 
0.416093, 0.736994, 
0.414988, 0.733993, 
0.423825, 0.733993, 
0.417198, 0.739995, 
0.416093, 0.736994, 
0.423825, 0.733993, 
0.423825, 0.733993, 
0.421616, 0.751998, 
0.420511, 0.748997, 
0.423825, 0.733993, 
0.420511, 0.748997, 
0.419407, 0.745997, 
0.418302, 0.742996, 
0.417198, 0.739995, 
0.423825, 0.733993, 
0.595866, 0.410395, 
0.499075, 0.410246, 
0.499306, 0.347758, 
0.617356, 0.356103, 
0.508, 0.356103, 
0.508, 0.297361, 
0.401821, 0.535071, 
0.30503, 0.534921, 
0.305261, 0.472434, 
0.401359, 0.595036, 
0.304568, 0.595006, 
0.304799, 0.582138, 
0.402746, 0.285122, 
0.305955, 0.284972, 
0.306186, 0.222485, 
0.402284, 0.410096, 
0.305493, 0.409947, 
0.305724, 0.34746, 
0.398643, 0.473587, 
0.289286, 0.473587, 
0.289286, 0.414845, 
0.398643, 0.591072, 
0.289286, 0.591072, 
0.289286, 0.53233, 
0.398643, 0.238619, 
0.289286, 0.238619, 
0.289286, 0.179877, 
0.398643, 0.356103, 
0.289286, 0.356103, 
0.289286, 0.297361, 
0.398643, 0.121135, 
0.289286, 0.121135, 
0.289287, 0.062393, 
0.617356, 0.238619, 
0.508, 0.238619, 
0.508, 0.179877, 
0.403209, 0.03243, 
0.306418, 0.032374, 
0.306649, 0.008915, 
0.596329, 0.28542, 
0.499538, 0.285271, 
0.499769, 0.222784, 
0.595404, 0.535369, 
0.498612, 0.53522, 
0.498844, 0.472733, 
0.617356, 0.473588, 
0.507999, 0.473588, 
0.507999, 0.414845, 
0.36514, 0.452839, 
0.36514, 0.452839, 
0.36514, 0.452839, 
0.36514, 0.452839, 
0.36514, 0.452839, 
0.36514, 0.452839, 
0.617356, 0.414845, 
0.507999, 0.414845, 
0.508, 0.356103, 
0.726713, 0.414845, 
0.617356, 0.414845, 
0.617356, 0.356103, 
0.726713, 0.473588, 
0.617356, 0.473588, 
0.617356, 0.414845, 
0.595635, 0.472882, 
0.498844, 0.472733, 
0.499075, 0.410246, 
0.692426, 0.473031, 
0.595635, 0.472882, 
0.595866, 0.410395, 
0.692195, 0.535519, 
0.595404, 0.535369, 
0.595635, 0.472882, 
0.59656, 0.550669, 
0.499769, 0.550796, 
0.5, 0.603692, 
0.693351, 0.550543, 
0.59656, 0.550669, 
0.596791, 0.603565, 
0.69312, 0.285569, 
0.596329, 0.28542, 
0.59656, 0.222933, 
0.40344, 0.599364, 
0.306649, 0.599214, 
0.30688, 0.536727, 
0.500231, 0.599513, 
0.40344, 0.599364, 
0.403671, 0.536876, 
0.5, 0.032486, 
0.403209, 0.03243, 
0.40344, 0.008971, 
0.617356, 0.179877, 
0.508, 0.179877, 
0.508, 0.121135, 
0.726713, 0.179877, 
0.617356, 0.179877, 
0.617356, 0.121135, 
0.726713, 0.238619, 
0.617356, 0.238619, 
0.617356, 0.179877, 
0.36514, 0.452839, 
0.36514, 0.452839, 
0.36514, 0.452839, 
0.398643, 0.062393, 
0.289287, 0.062393, 
0.289287, 0.003651, 
0.508, 0.062393, 
0.398643, 0.062393, 
0.398643, 0.003651, 
0.508, 0.121135, 
0.398643, 0.121135, 
0.398643, 0.062393, 
0.36514, 0.452839, 
0.36514, 0.452839, 
0.36514, 0.452839, 
0.398643, 0.297361, 
0.289286, 0.297361, 
0.289286, 0.238619, 
0.508, 0.297361, 
0.398643, 0.297361, 
0.398643, 0.238619, 
0.508, 0.356103, 
0.398643, 0.356103, 
0.398643, 0.297361, 
0.398643, 0.179877, 
0.289286, 0.179877, 
0.289286, 0.121135, 
0.508, 0.179877, 
0.398643, 0.179877, 
0.398643, 0.121135, 
0.508, 0.238619, 
0.398643, 0.238619, 
0.398643, 0.179877, 
0.398643, 0.53233, 
0.289286, 0.53233, 
0.289286, 0.473587, 
0.507999, 0.53233, 
0.398643, 0.53233, 
0.398643, 0.473587, 
0.507999, 0.591072, 
0.398643, 0.591072, 
0.398643, 0.53233, 
0.398643, 0.414845, 
0.289286, 0.414845, 
0.289286, 0.356103, 
0.507999, 0.414845, 
0.398643, 0.414845, 
0.398643, 0.356103, 
0.507999, 0.473588, 
0.398643, 0.473587, 
0.398643, 0.414845, 
0.402515, 0.347609, 
0.305724, 0.34746, 
0.305955, 0.284972, 
0.499306, 0.347758, 
0.402515, 0.347609, 
0.402746, 0.285122, 
0.499075, 0.410246, 
0.402284, 0.410096, 
0.402515, 0.347609, 
0.402978, 0.550922, 
0.306186, 0.551048, 
0.306418, 0.603945, 
0.499769, 0.550796, 
0.402978, 0.550922, 
0.403209, 0.603818, 
0.499538, 0.285271, 
0.402746, 0.285122, 
0.402978, 0.222634, 
0.40159, 0.597558, 
0.304799, 0.597409, 
0.30503, 0.534921, 
0.498381, 0.597707, 
0.40159, 0.597558, 
0.401821, 0.535071, 
0.49815, 0.595067, 
0.401359, 0.595036, 
0.40159, 0.582169, 
0.402053, 0.472583, 
0.305261, 0.472434, 
0.305493, 0.409947, 
0.498844, 0.472733, 
0.402053, 0.472583, 
0.402284, 0.410096, 
0.498612, 0.53522, 
0.401821, 0.535071, 
0.402053, 0.472583, 
0.617356, 0.297361, 
0.508, 0.297361, 
0.508, 0.238619, 
0.726713, 0.297361, 
0.617356, 0.297361, 
0.617356, 0.238619, 
0.726713, 0.356103, 
0.617356, 0.356103, 
0.617356, 0.297361, 
0.596097, 0.347907, 
0.499306, 0.347758, 
0.499538, 0.285271, 
0.692889, 0.348057, 
0.596097, 0.347907, 
0.596329, 0.28542, 
0.692657, 0.410544, 
0.595866, 0.410395, 
0.596097, 0.347907, 
0.595172, 0.597857, 
0.498381, 0.597707, 
0.498612, 0.53522, 
0.691964, 0.598006, 
0.595172, 0.597857, 
0.595404, 0.535369, 
0.691732, 0.595129, 
0.594941, 0.595098, 
0.595172, 0.582231, 
0.597022, 0.599662, 
0.500231, 0.599513, 
0.500463, 0.537025, 
0.693814, 0.599811, 
0.597022, 0.599662, 
0.597254, 0.537175, 
0.693582, 0.032598, 
0.596791, 0.032542, 
0.597022, 0.009083, 
0.617356, 0.53233, 
0.507999, 0.53233, 
0.507999, 0.473588, 
0.726713, 0.53233, 
0.617356, 0.53233, 
0.617356, 0.473588, 
0.726713, 0.591072, 
0.617356, 0.591072, 
0.617356, 0.53233, 
0.617356, 0.062393, 
0.508, 0.062393, 
0.508, 0.003651, 
0.726713, 0.062393, 
0.617356, 0.062393, 
0.617357, 0.003651, 
0.726713, 0.121135, 
0.617356, 0.121135, 
0.617356, 0.062393, 
]);
