var fencev = new Float32Array([
-0.1, 1, -10, 
0.1, 1, 10, 
0.1, 1, -10, 
0.1, 1, 10, 
-0.1, -7, 10, 
0.1, -7, 10, 
-0.1, 1, 10, 
-0.1, -7, -10, 
-0.1, -7, 10, 
0.1, -7, -10, 
-0.1, -7, 10, 
-0.1, -7, -10, 
0.1, 1, -10, 
0.1, -7, 10, 
0.1, -7, -10, 
-0.1, 1, -10, 
0.1, -7, -10, 
-0.1, -7, -10, 
-0.1, 1, -10, 
-0.1, 1, 10, 
0.1, 1, 10, 
0.1, 1, 10, 
-0.1, 1, 10, 
-0.1, -7, 10, 
-0.1, 1, 10, 
-0.1, 1, -10, 
-0.1, -7, -10, 
0.1, -7, -10, 
0.1, -7, 10, 
-0.1, -7, 10, 
0.1, 1, -10, 
0.1, 1, 10, 
0.1, -7, 10, 
-0.1, 1, -10, 
0.1, 1, -10, 
0.1, -7, -10, 
]);
var fencen = new Float32Array([
0, 1, 0, 
0, 1, 0, 
0, 1, 0, 
0, 0, 1, 
0, 0, 1, 
0, 0, 1, 
-1, 0, 0, 
-1, 0, 0, 
-1, 0, 0, 
0, -1, 0, 
0, -1, 0, 
0, -1, 0, 
1, 0, 0, 
1, 0, 0, 
1, 0, 0, 
0, 0, -1, 
0, 0, -1, 
0, 0, -1, 
0, 1, 0, 
0, 1, 0, 
0, 1, 0, 
0, 0, 1, 
0, 0, 1, 
0, 0, 1, 
-1, 0, 0, 
-1, 0, 0, 
-1, 0, 0, 
0, -1, 0, 
0, -1, 0, 
0, -1, 0, 
1, 0, 0, 
1, 0, 0, 
1, 0, 0, 
0, 0, -1, 
0, 0, -1, 
0, 0, -1, 
]);
var fenceu = new Float32Array([
0.296552, -4.75394, 
0.351005, 5.75395, 
0.351005, -4.75395, 
0.258676, 8e-05, 
0.388881, 0.999919, 
0.258676, 0.999919, 
2.08144, 0.99992, 
-1.06879, 8e-05, 
2.08144, 8e-05, 
0, 0, 
0, 0, 
0, 0, 
-1.02657, 8e-05, 
2.12653, 0.999919, 
-1.02657, 0.999919, 
0.345028, 0.99992, 
0.302528, 8e-05, 
0.345028, 8e-05, 
0.296552, -4.75394, 
0.296552, 5.75395, 
0.351005, 5.75395, 
0.258676, 8e-05, 
0.388881, 8.1e-05, 
0.388881, 0.999919, 
2.08144, 0.99992, 
-1.06879, 0.999919, 
-1.06879, 8e-05, 
0, 0, 
0, 0, 
0, 0, 
-1.02657, 8e-05, 
2.12653, 8.1e-05, 
2.12653, 0.999919, 
0.345028, 0.99992, 
0.302528, 0.999919, 
0.302528, 8e-05, 
]);
