var ground1v = new Float32Array([
-4, 0.1, -10, 
4, 0.1, 10, 
4, 0.1, -10, 
4, 0.1, 10, 
-4, -0.1, 10, 
4, -0.1, 10, 
-4, 0.1, 10, 
-4, -0.1, -10, 
-4, -0.1, 10, 
4, -0.1, -10, 
-4, -0.1, 10, 
-4, -0.1, -10, 
4, 0.1, -10, 
4, -0.1, 10, 
4, -0.1, -10, 
-4, 0.1, -10, 
4, -0.1, -10, 
-4, -0.1, -10, 
-4, 0.1, -10, 
-4, 0.1, 10, 
4, 0.1, 10, 
4, 0.1, 10, 
-4, 0.1, 10, 
-4, -0.1, 10, 
-4, 0.1, 10, 
-4, 0.1, -10, 
-4, -0.1, -10, 
4, -0.1, -10, 
4, -0.1, 10, 
-4, -0.1, 10, 
4, 0.1, -10, 
4, 0.1, 10, 
4, -0.1, 10, 
-4, 0.1, -10, 
4, 0.1, -10, 
4, -0.1, -10, 
]);
var ground1n = new Float32Array([
0, 1, 0, 
0, 1, 0, 
0, 1, 0, 
0, 0, 1, 
0, 0, 1, 
0, 0, 1, 
-1, 0, 0, 
-1, 0, 0, 
-1, 0, 0, 
0, -1, 0, 
0, -1, 0, 
0, -1, 0, 
1, 0, 0, 
1, 0, 0, 
1, 0, 0, 
0, 0, -1, 
0, 0, -1, 
0, 0, -1, 
0, 1, 0, 
0, 1, 0, 
0, 1, 0, 
0, 0, 1, 
0, 0, 1, 
0, 0, 1, 
-1, 0, 0, 
-1, 0, 0, 
-1, 0, 0, 
0, -1, 0, 
0, -1, 0, 
0, -1, 0, 
1, 0, 0, 
1, 0, 0, 
1, 0, 0, 
0, 0, -1, 
0, 0, -1, 
0, 0, -1, 
]);
var ground1u = new Float32Array([
1.94703, -3.32431, 
-1.00172, 4.42978, 
-1.00172, -3.32431, 
0, 0, 
0, 0, 
0, 0, 
0, 0, 
0, 0, 
0, 0, 
0, 0, 
0, 0, 
0, 0, 
0, 0, 
0, 0, 
0, 0, 
0, 0, 
0, 0, 
0, 0, 
1.94703, -3.32431, 
1.94703, 4.42978, 
-1.00172, 4.42978, 
0, 0, 
0, 0, 
0, 0, 
0, 0, 
0, 0, 
0, 0, 
0, 0, 
0, 0, 
0, 0, 
0, 0, 
0, 0, 
0, 0, 
0, 0, 
0, 0, 
0, 0, 
]);
