var ground2v = new Float32Array([
-15, 0.1, -10, 
15, 0.1, 10, 
15, 0.1, -10, 
15, 0.1, 10, 
-15, -0.1, 10, 
15, -0.1, 10, 
-15, 0.1, 10, 
-15, -0.1, -10, 
-15, -0.1, 10, 
15, -0.1, -10, 
-15, -0.1, 10, 
-15, -0.1, -10, 
15, 0.1, -10, 
15, -0.1, 10, 
15, -0.1, -10, 
-15, 0.1, -10, 
15, -0.1, -10, 
-15, -0.1, -10, 
-15, 0.1, -10, 
-15, 0.1, 10, 
15, 0.1, 10, 
15, 0.1, 10, 
-15, 0.1, 10, 
-15, -0.1, 10, 
-15, 0.1, 10, 
-15, 0.1, -10, 
-15, -0.1, -10, 
15, -0.1, -10, 
15, -0.1, 10, 
-15, -0.1, 10, 
15, 0.1, -10, 
15, 0.1, 10, 
15, -0.1, 10, 
-15, 0.1, -10, 
15, 0.1, -10, 
15, -0.1, -10, 
]);
var ground2n = new Float32Array([
0, 1, 0, 
0, 1, 0, 
0, 1, 0, 
0, 0, 1, 
0, 0, 1, 
0, 0, 1, 
-1, 0, 0, 
-1, 0, 0, 
-1, 0, 0, 
0, -1, 0, 
0, -1, 0, 
0, -1, 0, 
1, 0, 0, 
1, 0, 0, 
1, 0, 0, 
0, 0, -1, 
0, 0, -1, 
0, 0, -1, 
0, 1, 0, 
0, 1, 0, 
0, 1, 0, 
0, 0, 1, 
0, 0, 1, 
0, 0, 1, 
-1, 0, 0, 
-1, 0, 0, 
-1, 0, 0, 
0, -1, 0, 
0, -1, 0, 
0, -1, 0, 
1, 0, 0, 
1, 0, 0, 
1, 0, 0, 
0, 0, -1, 
0, 0, -1, 
0, 0, -1, 
]);
var ground2u = new Float32Array([
6.2315, -3.32431, 
-5.28619, 4.42978, 
-5.28619, -3.32431, 
0, 0, 
0, 0, 
0, 0, 
0, 0, 
0, 0, 
0, 0, 
0, 0, 
0, 0, 
0, 0, 
0, 0, 
0, 0, 
0, 0, 
0, 0, 
0, 0, 
0, 0, 
6.2315, -3.32431, 
6.2315, 4.42978, 
-5.28619, 4.42978, 
0, 0, 
0, 0, 
0, 0, 
0, 0, 
0, 0, 
0, 0, 
0, 0, 
0, 0, 
0, 0, 
0, 0, 
0, 0, 
0, 0, 
0, 0, 
0, 0, 
0, 0, 
]);
