var lightv = new Float32Array([
0.769066, -0.020699, 0.384533, 
0.562549, 0.537339, 0.562549, 
0.562549, 0.537339, 0.281274, 
0, 0, -1, 
-0.769066, -0.020699, -0.769066, 
-1, 0, -1, 
0.73147, 0.928247, -0.365735, 
0.73147, 0.928247, 0, 
1, 0.556049, -0.057411, 
-1, 0, 0.5, 
-1, 0, 1, 
-1, 0.25, 1, 
-1, 0.556049, -0.057411, 
-1, 0.75, -1, 
-1, 0.5, -1, 
-1, 0.556049, 0, 
-4, 1.07067, -0.057411, 
-4, 1.07067, 0, 
-0.73147, 0.928247, 0.365735, 
-0.73147, 0.928247, 0, 
-1, 0.556049, 0.057411, 
1, 0.556049, 0.057411, 
1, 0.75, 1, 
1, 0.5, 1, 
1, 0.5, -1, 
1, 0.556049, -0.057411, 
1, 0.5, -0.057411, 
-4, 1.01462, 0.057411, 
-4, 1.07067, 0, 
-4, 1.01462, -0.057411, 
-1, 0.5, -1, 
-0, 0.928247, -0.73147, 
0, 0, -1, 
1, 0.5, 1, 
-0, 0.928247, 0.73147, 
0, 0, 1, 
1, 0, 0, 
0.769066, -0.020699, -0.384533, 
1, 0, -0.5, 
1, 0, -0.5, 
1, 0, -1, 
1, 0.25, -1, 
-1, 0.5, 1, 
-1, 0.556049, 0.057411, 
-1, 0.5, 0.057411, 
-4, 0.958571, 0.057411, 
-1, 0.443951, 0.057411, 
-1, 0.5, 0.057411, 
4, 1.01462, -0.057411, 
4, 1.07067, 0, 
4, 1.01462, 0.057411, 
4, 0.958571, -0.057411, 
1, 0.443951, -0.057411, 
1, 0.5, -0.057411, 
1, 0.5, 0.057411, 
1, 0.443951, 0.057411, 
4, 0.958571, 0.057411, 
1, 0.443951, 0, 
4, 0.958571, 0, 
1, 0.443951, 0.057411, 
0.73147, 0.928247, -0.365735, 
0.73147, 0.928247, -0.73147, 
-0, 0.928247, -0.73147, 
1, 0.556049, 0, 
4, 1.07067, 0, 
1, 0.556049, -0.057411, 
-1, 0.443951, 0, 
-4, 0.958571, 0.057411, 
-4, 0.958571, 0, 
-4, 0.958571, -0.057411, 
-4, 1.01462, -0.057411, 
-1, 0.556049, -0.057411, 
0, 0, -1, 
0.769066, -0.020699, -0.769066, 
0, -0.020699, -0.769066, 
-1, 0, 0, 
-0.769066, -0.020699, -0.384533, 
-0.769066, -0.020699, 0, 
-1, 0, -0.5, 
-0.769066, -0.020699, -0.769066, 
-0.769066, -0.020699, -0.384533, 
0, 0, 1, 
0.769066, -0.020699, 0.769066, 
1, 0, 1, 
0, 0, 1, 
-0.769066, -0.020699, 0.769066, 
0, -0.020699, 0.769066, 
-1, 0, 0.5, 
-0.769066, -0.020699, 0.769066, 
-1, 0, 1, 
1, 0, 0, 
0.769066, -0.020699, 0.384533, 
0.769066, -0.020699, 0, 
1, 0, 0.5, 
0.769066, -0.020699, 0.769066, 
0.769066, -0.020699, 0.384533, 
-1, 0, 0, 
-0.769066, -0.020699, 0.384533, 
-1, 0, 0.5, 
1, 0, -0.5, 
0.769066, -0.020699, -0.769066, 
1, 0, -1, 
-0.562549, 0.537339, -0.281274, 
-0.562549, 0.537339, -0.562549, 
-0, 0.537339, -0.562549, 
0, -0.020699, -0.769066, 
-0.562549, 0.537339, -0.562549, 
-0.769066, -0.020699, -0.769066, 
0.769066, -0.020699, 0, 
0.562549, 0.537339, -0.281274, 
0.769066, -0.020699, -0.384533, 
-0.769066, -0.020699, 0.384533, 
-0.562549, 0.537339, 0.562549, 
-0.769066, -0.020699, 0.769066, 
0.769066, -0.020699, 0, 
0.562549, 0.537339, 0.281274, 
0.562549, 0.537339, 0, 
0.769066, -0.020699, -0.384533, 
0.562549, 0.537339, -0.562549, 
0.769066, -0.020699, -0.769066, 
0, -0.020699, 0.769066, 
-0.562549, 0.537339, 0.562549, 
-0, 0.537339, 0.562549, 
-0.769066, -0.020699, 0, 
-0.562549, 0.537339, 0.281274, 
-0.769066, -0.020699, 0.384533, 
0, -0.020699, 0.769066, 
0.562549, 0.537339, 0.562549, 
0.769066, -0.020699, 0.769066, 
-0.769066, -0.020699, -0.384533, 
-0.562549, 0.537339, -0.562549, 
-0.562549, 0.537339, -0.281274, 
0, -0.020699, -0.769066, 
0.562549, 0.537339, -0.562549, 
-0, 0.537339, -0.562549, 
-0.769066, -0.020699, 0, 
-0.562549, 0.537339, -0.281274, 
-0.562549, 0.537339, 0, 
-0, 0.928247, -0.73147, 
0.73147, 0.928247, -0.73147, 
1, 0.75, -1, 
-0, 0.928247, -0.73147, 
1, 0.75, -1, 
1, 0.5, -1, 
-1, 0.75, -1, 
-0.73147, 0.928247, -0.73147, 
-0, 0.928247, -0.73147, 
-1, 0.5, -1, 
-1, 0.75, -1, 
-0, 0.928247, -0.73147, 
-0, 0.928247, -0.73147, 
1, 0.5, -1, 
0, 0, -1, 
1, 0.5, -1, 
1, 0.25, -1, 
0, 0, -1, 
1, 0.25, -1, 
1, 0, -1, 
0, 0, -1, 
0, 0, -1, 
-1, 0, -1, 
-1, 0.25, -1, 
-1, 0.25, -1, 
-1, 0.5, -1, 
0, 0, -1, 
-0, 0.928247, 0.73147, 
-0.73147, 0.928247, 0.73147, 
-1, 0.75, 1, 
-0, 0.928247, 0.73147, 
-1, 0.75, 1, 
-1, 0.5, 1, 
1, 0.75, 1, 
0.73147, 0.928247, 0.73147, 
-0, 0.928247, 0.73147, 
1, 0.5, 1, 
1, 0.75, 1, 
-0, 0.928247, 0.73147, 
-0, 0.928247, 0.73147, 
-1, 0.5, 1, 
0, 0, 1, 
-1, 0.5, 1, 
-1, 0.25, 1, 
0, 0, 1, 
-1, 0.25, 1, 
-1, 0, 1, 
0, 0, 1, 
0, 0, 1, 
1, 0, 1, 
1, 0.25, 1, 
1, 0.25, 1, 
1, 0.5, 1, 
0, 0, 1, 
0.769066, -0.020699, 0.384533, 
0.769066, -0.020699, 0.769066, 
0.562549, 0.537339, 0.562549, 
0, 0, -1, 
0, -0.020699, -0.769066, 
-0.769066, -0.020699, -0.769066, 
0.73147, 0.928247, 0.365735, 
0.73147, 0.928247, 0.73147, 
1, 0.75, 1, 
1, 0.75, 1, 
1, 0.556049, 0.057411, 
0.73147, 0.928247, 0.365735, 
1, 0.556049, 0.057411, 
1, 0.556049, 0, 
0.73147, 0.928247, 0, 
0.73147, 0.928247, 0.365735, 
1, 0.556049, 0.057411, 
0.73147, 0.928247, 0, 
1, 0.556049, 0, 
1, 0.556049, -0.057411, 
0.73147, 0.928247, 0, 
1, 0.556049, -0.057411, 
1, 0.75, -1, 
0.73147, 0.928247, -0.365735, 
1, 0.75, -1, 
0.73147, 0.928247, -0.73147, 
0.73147, 0.928247, -0.365735, 
-1, 0.25, 1, 
-1, 0.443951, 0.057411, 
-1, 0, 0.5, 
-1, 0.443951, 0.057411, 
-1, 0.443951, 0, 
-1, 0, 0, 
-1, 0, 0.5, 
-1, 0.443951, 0.057411, 
-1, 0, 0, 
-1, 0.443951, 0, 
-1, 0.443951, -0.057411, 
-1, 0, 0, 
-1, 0.443951, -0.057411, 
-1, 0.25, -1, 
-1, 0, -0.5, 
-1, 0.25, -1, 
-1, 0, -1, 
-1, 0, -0.5, 
-1, 0, -0.5, 
-1, 0, 0, 
-1, 0.443951, -0.057411, 
-1, 0.25, -1, 
-1, 0.443951, -0.057411, 
-1, 0.5, -1, 
-1, 0.443951, -0.057411, 
-1, 0.5, -0.057411, 
-1, 0.5, -1, 
-1, 0.5, -0.057411, 
-1, 0.556049, -0.057411, 
-1, 0.5, -1, 
-4, 1.07067, 0.057411, 
-1, 0.556049, 0.057411, 
-1, 0.556049, 0, 
-1, 0.556049, 0, 
-1, 0.556049, -0.057411, 
-4, 1.07067, -0.057411, 
-4, 1.07067, 0, 
-4, 1.07067, 0.057411, 
-1, 0.556049, 0, 
-0.73147, 0.928247, -0.365735, 
-0.73147, 0.928247, -0.73147, 
-1, 0.75, -1, 
-1, 0.75, -1, 
-1, 0.556049, -0.057411, 
-0.73147, 0.928247, -0.365735, 
-1, 0.556049, -0.057411, 
-1, 0.556049, 0, 
-0.73147, 0.928247, 0, 
-0.73147, 0.928247, -0.365735, 
-1, 0.556049, -0.057411, 
-0.73147, 0.928247, 0, 
-1, 0.556049, 0, 
-1, 0.556049, 0.057411, 
-0.73147, 0.928247, 0, 
-1, 0.556049, 0.057411, 
-1, 0.75, 1, 
-0.73147, 0.928247, 0.365735, 
-1, 0.75, 1, 
-0.73147, 0.928247, 0.73147, 
-0.73147, 0.928247, 0.365735, 
1, 0.25, 1, 
1, 0.443951, 0.057411, 
1, 0.5, 1, 
1, 0.443951, 0.057411, 
1, 0.5, 0.057411, 
1, 0.5, 1, 
1, 0.5, 0.057411, 
1, 0.556049, 0.057411, 
1, 0.5, 1, 
1, 0.5, -1, 
1, 0.75, -1, 
1, 0.556049, -0.057411, 
1, 0.5, -0.057411, 
1, 0.443951, -0.057411, 
1, 0.5, -1, 
1, 0.443951, -0.057411, 
1, 0.25, -1, 
1, 0.5, -1, 
-4, 0.958571, 0, 
-4, 0.958571, 0.057411, 
-4, 1.01462, 0.057411, 
-4, 1.01462, 0.057411, 
-4, 1.07067, 0.057411, 
-4, 1.07067, 0, 
-4, 1.07067, 0, 
-4, 1.07067, -0.057411, 
-4, 1.01462, -0.057411, 
-4, 1.01462, -0.057411, 
-4, 0.958571, -0.057411, 
-4, 0.958571, 0, 
-4, 0.958571, 0, 
-4, 1.01462, 0.057411, 
-4, 1.01462, -0.057411, 
1, 0, 0, 
0.769066, -0.020699, 0, 
0.769066, -0.020699, -0.384533, 
1, 0.25, -1, 
1, 0.443951, -0.057411, 
1, 0, -0.5, 
1, 0.443951, -0.057411, 
1, 0.443951, 0, 
1, 0, 0, 
1, 0, -0.5, 
1, 0.443951, -0.057411, 
1, 0, 0, 
1, 0.443951, 0, 
1, 0.443951, 0.057411, 
1, 0, 0, 
1, 0.443951, 0.057411, 
1, 0.25, 1, 
1, 0, 0.5, 
1, 0.25, 1, 
1, 0, 1, 
1, 0, 0.5, 
1, 0, 0.5, 
1, 0, 0, 
1, 0.443951, 0.057411, 
-1, 0.5, 1, 
-1, 0.75, 1, 
-1, 0.556049, 0.057411, 
-1, 0.5, 0.057411, 
-1, 0.443951, 0.057411, 
-1, 0.5, 1, 
-1, 0.443951, 0.057411, 
-1, 0.25, 1, 
-1, 0.5, 1, 
-1, 0.5, 0.057411, 
-1, 0.556049, 0.057411, 
-4, 0.958571, 0.057411, 
-1, 0.556049, 0.057411, 
-4, 1.07067, 0.057411, 
-4, 1.01462, 0.057411, 
-4, 1.01462, 0.057411, 
-4, 0.958571, 0.057411, 
-1, 0.556049, 0.057411, 
4, 0.958571, 0, 
4, 0.958571, -0.057411, 
4, 1.01462, -0.057411, 
4, 1.01462, -0.057411, 
4, 1.07067, -0.057411, 
4, 1.07067, 0, 
4, 1.07067, 0, 
4, 1.07067, 0.057411, 
4, 1.01462, 0.057411, 
4, 1.01462, 0.057411, 
4, 0.958571, 0.057411, 
4, 0.958571, 0, 
4, 0.958571, 0, 
4, 1.01462, -0.057411, 
4, 1.01462, 0.057411, 
1, 0.5, -0.057411, 
1, 0.556049, -0.057411, 
4, 0.958571, -0.057411, 
1, 0.556049, -0.057411, 
4, 1.07067, -0.057411, 
4, 1.01462, -0.057411, 
4, 1.01462, -0.057411, 
4, 0.958571, -0.057411, 
1, 0.556049, -0.057411, 
4, 1.07067, 0.057411, 
1, 0.556049, 0.057411, 
4, 1.01462, 0.057411, 
1, 0.556049, 0.057411, 
1, 0.5, 0.057411, 
4, 0.958571, 0.057411, 
4, 1.01462, 0.057411, 
1, 0.556049, 0.057411, 
4, 0.958571, 0.057411, 
1, 0.443951, 0, 
1, 0.443951, -0.057411, 
4, 0.958571, -0.057411, 
4, 0.958571, 0, 
4, 0.958571, 0.057411, 
1, 0.443951, 0.057411, 
1, 0.443951, 0, 
4, 0.958571, -0.057411, 
4, 0.958571, 0, 
-0.73147, 0.928247, 0.365735, 
-0.73147, 0.928247, 0.73147, 
-0, 0.928247, 0.73147, 
-0, 0.928247, 0.73147, 
0.73147, 0.928247, 0.73147, 
0.73147, 0.928247, 0.365735, 
-0, 0.928247, 0.73147, 
0.73147, 0.928247, 0.365735, 
0.73147, 0.928247, 0, 
-0.73147, 0.928247, 0, 
-0.73147, 0.928247, 0.365735, 
-0, 0.928247, 0.73147, 
-0, 0.928247, -0.73147, 
-0.73147, 0.928247, -0.73147, 
-0.73147, 0.928247, -0.365735, 
-0.73147, 0.928247, -0.365735, 
-0.73147, 0.928247, 0, 
-0, 0.928247, -0.73147, 
-0.73147, 0.928247, 0, 
-0, 0.928247, 0.73147, 
-0, 0.928247, -0.73147, 
-0, 0.928247, 0.73147, 
0.73147, 0.928247, 0, 
-0, 0.928247, -0.73147, 
0.73147, 0.928247, 0, 
0.73147, 0.928247, -0.365735, 
-0, 0.928247, -0.73147, 
1, 0.556049, 0, 
1, 0.556049, 0.057411, 
4, 1.07067, 0.057411, 
4, 1.07067, 0, 
4, 1.07067, -0.057411, 
1, 0.556049, -0.057411, 
1, 0.556049, 0, 
4, 1.07067, 0.057411, 
4, 1.07067, 0, 
-4, 0.958571, -0.057411, 
-1, 0.443951, -0.057411, 
-1, 0.443951, 0, 
-1, 0.443951, 0, 
-1, 0.443951, 0.057411, 
-4, 0.958571, 0.057411, 
-4, 0.958571, 0, 
-4, 0.958571, -0.057411, 
-1, 0.443951, 0, 
-1, 0.5, -0.057411, 
-1, 0.443951, -0.057411, 
-4, 0.958571, -0.057411, 
-4, 1.01462, -0.057411, 
-4, 1.07067, -0.057411, 
-1, 0.556049, -0.057411, 
-1, 0.5, -0.057411, 
-4, 0.958571, -0.057411, 
-1, 0.556049, -0.057411, 
0, 0, -1, 
1, 0, -1, 
0.769066, -0.020699, -0.769066, 
-1, 0, 0, 
-1, 0, -0.5, 
-0.769066, -0.020699, -0.384533, 
-1, 0, -0.5, 
-1, 0, -1, 
-0.769066, -0.020699, -0.769066, 
0, 0, 1, 
0, -0.020699, 0.769066, 
0.769066, -0.020699, 0.769066, 
0, 0, 1, 
-1, 0, 1, 
-0.769066, -0.020699, 0.769066, 
-1, 0, 0.5, 
-0.769066, -0.020699, 0.384533, 
-0.769066, -0.020699, 0.769066, 
1, 0, 0, 
1, 0, 0.5, 
0.769066, -0.020699, 0.384533, 
1, 0, 0.5, 
1, 0, 1, 
0.769066, -0.020699, 0.769066, 
-1, 0, 0, 
-0.769066, -0.020699, 0, 
-0.769066, -0.020699, 0.384533, 
1, 0, -0.5, 
0.769066, -0.020699, -0.384533, 
0.769066, -0.020699, -0.769066, 
0.562549, 0.537339, 0.281274, 
0.562549, 0.537339, 0.562549, 
-0, 0.537339, 0.562549, 
-0, 0.537339, 0.562549, 
-0.562549, 0.537339, 0.562549, 
-0.562549, 0.537339, 0.281274, 
-0, 0.537339, 0.562549, 
-0.562549, 0.537339, 0.281274, 
-0.562549, 0.537339, 0, 
0.562549, 0.537339, 0, 
0.562549, 0.537339, 0.281274, 
-0, 0.537339, 0.562549, 
-0, 0.537339, -0.562549, 
0.562549, 0.537339, -0.562549, 
0.562549, 0.537339, -0.281274, 
0.562549, 0.537339, -0.281274, 
0.562549, 0.537339, 0, 
-0, 0.537339, -0.562549, 
0.562549, 0.537339, 0, 
-0, 0.537339, 0.562549, 
-0, 0.537339, -0.562549, 
-0, 0.537339, 0.562549, 
-0.562549, 0.537339, 0, 
-0, 0.537339, -0.562549, 
-0.562549, 0.537339, 0, 
-0.562549, 0.537339, -0.281274, 
-0, 0.537339, -0.562549, 
0, -0.020699, -0.769066, 
-0, 0.537339, -0.562549, 
-0.562549, 0.537339, -0.562549, 
0.769066, -0.020699, 0, 
0.562549, 0.537339, 0, 
0.562549, 0.537339, -0.281274, 
-0.769066, -0.020699, 0.384533, 
-0.562549, 0.537339, 0.281274, 
-0.562549, 0.537339, 0.562549, 
0.769066, -0.020699, 0, 
0.769066, -0.020699, 0.384533, 
0.562549, 0.537339, 0.281274, 
0.769066, -0.020699, -0.384533, 
0.562549, 0.537339, -0.281274, 
0.562549, 0.537339, -0.562549, 
0, -0.020699, 0.769066, 
-0.769066, -0.020699, 0.769066, 
-0.562549, 0.537339, 0.562549, 
-0.769066, -0.020699, 0, 
-0.562549, 0.537339, 0, 
-0.562549, 0.537339, 0.281274, 
0, -0.020699, 0.769066, 
-0, 0.537339, 0.562549, 
0.562549, 0.537339, 0.562549, 
-0.769066, -0.020699, -0.384533, 
-0.769066, -0.020699, -0.769066, 
-0.562549, 0.537339, -0.562549, 
0, -0.020699, -0.769066, 
0.769066, -0.020699, -0.769066, 
0.562549, 0.537339, -0.562549, 
-0.769066, -0.020699, 0, 
-0.769066, -0.020699, -0.384533, 
-0.562549, 0.537339, -0.281274, 
]);
var lightn = new Float32Array([
-0.9378, -0.3471, 0, 
-0.9378, -0.3471, 0, 
-0.9378, -0.3471, 0, 
0, -0.996, -0.0893, 
0, -0.996, -0.0893, 
0, -0.996, -0.0893, 
0.811, 0.5851, 0, 
0.811, 0.5851, 0, 
0.811, 0.5851, 0, 
-1, 0, 0, 
-1, 0, 0, 
-1, 0, 0, 
-1, 0, 0, 
-1, 0, 0, 
-1, 0, 0, 
0.1691, 0.9856, 0, 
0.1691, 0.9856, 0, 
0.1691, 0.9856, 0, 
-0.811, 0.5851, 0, 
-0.811, 0.5851, 0, 
-0.811, 0.5851, 0, 
1, 0, 0, 
1, 0, 0, 
1, 0, 0, 
1, 0, 0, 
1, 0, 0, 
1, 0, 0, 
-1, 0, 0, 
-1, 0, 0, 
-1, 0, 0, 
0.1376, 0.2752, -0.9515, 
0.1376, 0.2752, -0.9515, 
0.1376, 0.2752, -0.9515, 
-0.1376, 0.2752, 0.9515, 
-0.1376, 0.2752, 0.9515, 
-0.1376, 0.2752, 0.9515, 
0.0893, -0.996, 0, 
0.0893, -0.996, 0, 
0.0893, -0.996, 0, 
1, 0, 0, 
1, 0, 0, 
1, 0, 0, 
-1, 0, 0, 
-1, 0, 0, 
-1, 0, 0, 
-0, 0, 1, 
-0, 0, 1, 
-0, 0, 1, 
1, 0, 0, 
1, 0, 0, 
1, 0, 0, 
0, 0, -1, 
0, 0, -1, 
0, 0, -1, 
-0, 0, 1, 
-0, 0, 1, 
-0, 0, 1, 
0.1691, -0.9856, 0, 
0.1691, -0.9856, 0, 
0.1691, -0.9856, 0, 
0, 1, 0, 
0, 1, 0, 
0, 1, 0, 
-0.1691, 0.9856, 0, 
-0.1691, 0.9856, 0, 
-0.1691, 0.9856, 0, 
-0.1691, -0.9856, 0, 
-0.1691, -0.9856, 0, 
-0.1691, -0.9856, 0, 
0, 0, -1, 
0, 0, -1, 
0, 0, -1, 
0, -0.996, -0.0893, 
0, -0.996, -0.0893, 
0, -0.996, -0.0893, 
-0.0893, -0.996, 0, 
-0.0893, -0.996, 0, 
-0.0893, -0.996, 0, 
-0.0893, -0.996, 0, 
-0.0893, -0.996, 0, 
-0.0893, -0.996, 0, 
0, -0.996, 0.0893, 
0, -0.996, 0.0893, 
0, -0.996, 0.0893, 
0, -0.996, 0.0893, 
0, -0.996, 0.0893, 
0, -0.996, 0.0893, 
-0.0893, -0.996, 0, 
-0.0893, -0.996, 0, 
-0.0893, -0.996, 0, 
0.0893, -0.996, 0, 
0.0893, -0.996, 0, 
0.0893, -0.996, 0, 
0.0893, -0.996, 0, 
0.0893, -0.996, 0, 
0.0893, -0.996, 0, 
-0.0893, -0.996, 0, 
-0.0893, -0.996, 0, 
-0.0893, -0.996, 0, 
0.0893, -0.996, 0, 
0.0893, -0.996, 0, 
0.0893, -0.996, 0, 
0, -1, 0, 
0, -1, 0, 
0, -1, 0, 
0, -0.3471, 0.9378, 
0, -0.3471, 0.9378, 
0, -0.3471, 0.9378, 
-0.9378, -0.3471, 0, 
-0.9378, -0.3471, 0, 
-0.9378, -0.3471, 0, 
0.9378, -0.3471, 0, 
0.9378, -0.3471, 0, 
0.9378, -0.3471, 0, 
-0.9378, -0.3471, 0, 
-0.9378, -0.3471, 0, 
-0.9378, -0.3471, 0, 
-0.9378, -0.3471, 0, 
-0.9378, -0.3471, 0, 
-0.9378, -0.3471, 0, 
0, -0.3471, -0.9378, 
0, -0.3471, -0.9378, 
0, -0.3471, -0.9378, 
0.9378, -0.3471, 0, 
0.9378, -0.3471, 0, 
0.9378, -0.3471, 0, 
0, -0.3471, -0.9378, 
0, -0.3471, -0.9378, 
0, -0.3471, -0.9378, 
0.9378, -0.3471, 0, 
0.9378, -0.3471, 0, 
0.9378, -0.3471, 0, 
0, -0.3471, 0.9378, 
0, -0.3471, 0.9378, 
0, -0.3471, 0.9378, 
0.9378, -0.3471, 0, 
0.9378, -0.3471, 0, 
0.9378, -0.3471, 0, 
0, 0.8332, -0.553, 
0, 0.8332, -0.553, 
0, 0.8332, -0.553, 
-0.2593, 0, -0.9658, 
-0.2593, 0, -0.9658, 
-0.2593, 0, -0.9658, 
0, 0.8332, -0.553, 
0, 0.8332, -0.553, 
0, 0.8332, -0.553, 
0.2593, 0, -0.9658, 
0.2593, 0, -0.9658, 
0.2593, 0, -0.9658, 
-0.1376, 0.2752, -0.9515, 
-0.1376, 0.2752, -0.9515, 
-0.1376, 0.2752, -0.9515, 
0, 0, -1, 
0, 0, -1, 
0, 0, -1, 
0, 0, -1, 
0, 0, -1, 
0, 0, -1, 
0, 0, -1, 
0, 0, -1, 
0, 0, -1, 
0, 0, -1, 
0, 0, -1, 
0, 0, -1, 
0, 0.8332, 0.553, 
0, 0.8332, 0.553, 
0, 0.8332, 0.553, 
0.2593, 0, 0.9658, 
0.2593, 0, 0.9658, 
0.2593, 0, 0.9658, 
0, 0.8332, 0.553, 
0, 0.8332, 0.553, 
0, 0.8332, 0.553, 
-0.2593, 0, 0.9658, 
-0.2593, 0, 0.9658, 
-0.2593, 0, 0.9658, 
0.1376, 0.2752, 0.9515, 
0.1376, 0.2752, 0.9515, 
0.1376, 0.2752, 0.9515, 
-0, 0, 1, 
-0, 0, 1, 
-0, 0, 1, 
-0, 0, 1, 
-0, 0, 1, 
-0, 0, 1, 
-0, 0, 1, 
-0, 0, 1, 
-0, 0, 1, 
-0, 0, 1, 
-0, 0, 1, 
-0, 0, 1, 
-0.9378, -0.3471, 0, 
-0.9378, -0.3471, 0, 
-0.9378, -0.3471, 0, 
0, -0.996, -0.0893, 
0, -0.996, -0.0893, 
0, -0.996, -0.0893, 
0.553, 0.8332, 0, 
0.553, 0.8332, 0, 
0.553, 0.8332, 0, 
0.7478, 0.6503, -0.1338, 
0.7478, 0.6503, -0.1338, 
0.7478, 0.6503, -0.1338, 
0.811, 0.5851, 0, 
0.811, 0.5851, 0, 
0.811, 0.5851, 0, 
0.811, 0.5851, 0, 
0.811, 0.5851, 0, 
0.811, 0.5851, 0, 
0.811, 0.5851, 0, 
0.811, 0.5851, 0, 
0.811, 0.5851, 0, 
0.7478, 0.6503, 0.1338, 
0.7478, 0.6503, 0.1338, 
0.7478, 0.6503, 0.1338, 
0.553, 0.8332, 0, 
0.553, 0.8332, 0, 
0.553, 0.8332, 0, 
-1, 0, 0, 
-1, 0, 0, 
-1, 0, 0, 
-1, 0, 0, 
-1, 0, 0, 
-1, 0, 0, 
-1, 0, 0, 
-1, 0, 0, 
-1, 0, 0, 
-1, 0, 0, 
-1, 0, 0, 
-1, 0, 0, 
-1, 0, 0, 
-1, 0, 0, 
-1, 0, 0, 
-1, 0, 0, 
-1, 0, 0, 
-1, 0, 0, 
-1, 0, 0, 
-1, 0, 0, 
-1, 0, 0, 
-1, 0, 0, 
-1, 0, 0, 
-1, 0, 0, 
-1, 0, 0, 
-1, 0, 0, 
-1, 0, 0, 
-1, 0, 0, 
-1, 0, 0, 
-1, 0, 0, 
0.1691, 0.9856, 0, 
0.1691, 0.9856, 0, 
0.1691, 0.9856, 0, 
0.1691, 0.9856, 0, 
0.1691, 0.9856, 0, 
0.1691, 0.9856, 0, 
0.1691, 0.9856, 0, 
0.1691, 0.9856, 0, 
0.1691, 0.9856, 0, 
-0.553, 0.8332, 0, 
-0.553, 0.8332, 0, 
-0.553, 0.8332, 0, 
-0.7478, 0.6503, 0.1338, 
-0.7478, 0.6503, 0.1338, 
-0.7478, 0.6503, 0.1338, 
-0.811, 0.5851, 0, 
-0.811, 0.5851, 0, 
-0.811, 0.5851, 0, 
-0.811, 0.5851, 0, 
-0.811, 0.5851, 0, 
-0.811, 0.5851, 0, 
-0.811, 0.5851, 0, 
-0.811, 0.5851, 0, 
-0.811, 0.5851, 0, 
-0.7478, 0.6503, -0.1338, 
-0.7478, 0.6503, -0.1338, 
-0.7478, 0.6503, -0.1338, 
-0.553, 0.8332, 0, 
-0.553, 0.8332, 0, 
-0.553, 0.8332, 0, 
1, 0, 0, 
1, 0, 0, 
1, 0, 0, 
1, 0, 0, 
1, 0, 0, 
1, 0, 0, 
1, 0, 0, 
1, 0, 0, 
1, 0, 0, 
1, 0, 0, 
1, 0, 0, 
1, 0, 0, 
1, 0, 0, 
1, 0, 0, 
1, 0, 0, 
1, 0, 0, 
1, 0, 0, 
1, 0, 0, 
-1, 0, 0, 
-1, 0, 0, 
-1, 0, 0, 
-1, 0, 0, 
-1, 0, 0, 
-1, 0, 0, 
-1, 0, 0, 
-1, 0, 0, 
-1, 0, 0, 
-1, 0, 0, 
-1, 0, 0, 
-1, 0, 0, 
-1, 0, 0, 
-1, 0, 0, 
-1, 0, 0, 
0.0893, -0.996, 0, 
0.0893, -0.996, 0, 
0.0893, -0.996, 0, 
1, 0, 0, 
1, 0, 0, 
1, 0, 0, 
1, 0, 0, 
1, 0, 0, 
1, 0, 0, 
1, 0, 0, 
1, 0, 0, 
1, 0, 0, 
1, 0, 0, 
1, 0, 0, 
1, 0, 0, 
1, 0, 0, 
1, 0, 0, 
1, 0, 0, 
1, 0, 0, 
1, 0, 0, 
1, 0, 0, 
1, 0, 0, 
1, 0, 0, 
1, 0, 0, 
-1, 0, 0, 
-1, 0, 0, 
-1, 0, 0, 
-1, 0, 0, 
-1, 0, 0, 
-1, 0, 0, 
-1, 0, 0, 
-1, 0, 0, 
-1, 0, 0, 
-0, 0, 1, 
-0, 0, 1, 
-0, 0, 1, 
-0, 0, 1, 
-0, 0, 1, 
-0, 0, 1, 
-0, 0, 1, 
-0, 0, 1, 
-0, 0, 1, 
1, 0, 0, 
1, 0, 0, 
1, 0, 0, 
1, 0, 0, 
1, 0, 0, 
1, 0, 0, 
1, 0, 0, 
1, 0, 0, 
1, 0, 0, 
1, 0, 0, 
1, 0, 0, 
1, 0, 0, 
1, 0, 0, 
1, 0, 0, 
1, 0, 0, 
0, 0, -1, 
0, 0, -1, 
0, 0, -1, 
0, 0, -1, 
0, 0, -1, 
0, 0, -1, 
0, 0, -1, 
0, 0, -1, 
0, 0, -1, 
-0, 0, 1, 
-0, 0, 1, 
-0, 0, 1, 
-0, 0, 1, 
-0, 0, 1, 
-0, 0, 1, 
-0, 0, 1, 
-0, 0, 1, 
-0, 0, 1, 
0.1691, -0.9856, 0, 
0.1691, -0.9856, 0, 
0.1691, -0.9856, 0, 
0.1691, -0.9856, 0, 
0.1691, -0.9856, 0, 
0.1691, -0.9856, 0, 
0.1691, -0.9856, 0, 
0.1691, -0.9856, 0, 
0.1691, -0.9856, 0, 
0, 1, 0, 
0, 1, 0, 
0, 1, 0, 
0, 1, 0, 
0, 1, 0, 
0, 1, 0, 
0, 1, 0, 
0, 1, 0, 
0, 1, 0, 
0, 1, 0, 
0, 1, 0, 
0, 1, 0, 
0, 1, 0, 
0, 1, 0, 
0, 1, 0, 
0, 1, 0, 
0, 1, 0, 
0, 1, 0, 
0, 1, 0, 
0, 1, 0, 
0, 1, 0, 
0, 1, 0, 
0, 1, 0, 
0, 1, 0, 
0, 1, 0, 
0, 1, 0, 
0, 1, 0, 
-0.1691, 0.9856, 0, 
-0.1691, 0.9856, 0, 
-0.1691, 0.9856, 0, 
-0.1691, 0.9856, 0, 
-0.1691, 0.9856, 0, 
-0.1691, 0.9856, 0, 
-0.1691, 0.9856, 0, 
-0.1691, 0.9856, 0, 
-0.1691, 0.9856, 0, 
-0.1691, -0.9856, 0, 
-0.1691, -0.9856, 0, 
-0.1691, -0.9856, 0, 
-0.1691, -0.9856, 0, 
-0.1691, -0.9856, 0, 
-0.1691, -0.9856, 0, 
-0.1691, -0.9856, 0, 
-0.1691, -0.9856, 0, 
-0.1691, -0.9856, 0, 
0, 0, -1, 
0, 0, -1, 
0, 0, -1, 
0, 0, -1, 
0, 0, -1, 
0, 0, -1, 
0, 0, -1, 
0, 0, -1, 
0, 0, -1, 
0, -0.996, -0.0893, 
0, -0.996, -0.0893, 
0, -0.996, -0.0893, 
-0.0893, -0.996, 0, 
-0.0893, -0.996, 0, 
-0.0893, -0.996, 0, 
-0.0893, -0.996, 0, 
-0.0893, -0.996, 0, 
-0.0893, -0.996, 0, 
0, -0.996, 0.0893, 
0, -0.996, 0.0893, 
0, -0.996, 0.0893, 
0, -0.996, 0.0893, 
0, -0.996, 0.0893, 
0, -0.996, 0.0893, 
-0.0893, -0.996, 0, 
-0.0893, -0.996, 0, 
-0.0893, -0.996, 0, 
0.0893, -0.996, 0, 
0.0893, -0.996, 0, 
0.0893, -0.996, 0, 
0.0893, -0.996, 0, 
0.0893, -0.996, 0, 
0.0893, -0.996, 0, 
-0.0893, -0.996, 0, 
-0.0893, -0.996, 0, 
-0.0893, -0.996, 0, 
0.0893, -0.996, 0, 
0.0893, -0.996, 0, 
0.0893, -0.996, 0, 
0, -1, 0, 
0, -1, 0, 
0, -1, 0, 
0, -1, 0, 
0, -1, 0, 
0, -1, 0, 
0, -1, 0, 
0, -1, 0, 
0, -1, 0, 
0, -1, 0, 
0, -1, 0, 
0, -1, 0, 
0, -1, 0, 
0, -1, 0, 
0, -1, 0, 
0, -1, 0, 
0, -1, 0, 
0, -1, 0, 
0, -1, 0, 
0, -1, 0, 
0, -1, 0, 
0, -1, 0, 
0, -1, 0, 
0, -1, 0, 
0, -1, 0, 
0, -1, 0, 
0, -1, 0, 
0, -0.3471, 0.9378, 
0, -0.3471, 0.9378, 
0, -0.3471, 0.9378, 
-0.9378, -0.3471, 0, 
-0.9378, -0.3471, 0, 
-0.9378, -0.3471, 0, 
0.9378, -0.3471, 0, 
0.9378, -0.3471, 0, 
0.9378, -0.3471, 0, 
-0.9378, -0.3471, 0, 
-0.9378, -0.3471, 0, 
-0.9378, -0.3471, 0, 
-0.9378, -0.3471, 0, 
-0.9378, -0.3471, 0, 
-0.9378, -0.3471, 0, 
0, -0.3471, -0.9378, 
0, -0.3471, -0.9378, 
0, -0.3471, -0.9378, 
0.9378, -0.3471, 0, 
0.9378, -0.3471, 0, 
0.9378, -0.3471, 0, 
0, -0.3471, -0.9378, 
0, -0.3471, -0.9378, 
0, -0.3471, -0.9378, 
0.9378, -0.3471, 0, 
0.9378, -0.3471, 0, 
0.9378, -0.3471, 0, 
0, -0.3471, 0.9378, 
0, -0.3471, 0.9378, 
0, -0.3471, 0.9378, 
0.9378, -0.3471, 0, 
0.9378, -0.3471, 0, 
0.9378, -0.3471, 0, 
]);
var lightu = new Float32Array([
0.298652, 0.025498, 
0.34008, 0.15331, 
0.319208, 0.159513, 
0.0001, 0.207708, 
0.048655, 0.366696, 
0.00027, 0.414673, 
0.294808, 0.1672, 
0.294808, 0.2297, 
0.232308, 0.1672, 
0.375, 0.0625, 
0.375, 0, 
0.4375, 0, 
0.5625, 0.1875, 
0.5625, 0.25, 
0.5, 0.25, 
0.066955, 5.8e-05, 
0.133852, 0.401441, 
0.066955, 0.401441, 
0.625, 0.0625, 
0.625, 0.125, 
0.5625, 0.0625, 
0.419882, 0.21004, 
0.419882, 0.27254, 
0.357382, 0.27254, 
0.437992, 0.258169, 
0.500492, 0.320669, 
0.437992, 0.320669, 
0.5, 0.0625, 
0.5625, 0.125, 
0.5, 0.1875, 
0.5, 0.25, 
0.625, 0.375, 
0.375, 0.375, 
0.400787, 0.146974, 
0.525787, 0.271974, 
0.275787, 0.271974, 
0.208261, 0.0001, 
0.128546, 0.048732, 
0.10451, 0.0001, 
0.303691, 0.159449, 
0.303691, 0.096949, 
0.366191, 0.096949, 
0.5, 0, 
0.5625, 0.0625, 
0.5, 0.0625, 
5.8e-05, 0.396837, 
5.8e-05, 5.8e-05, 
0.317329, 5.8e-05, 
0.410089, 0.153248, 
0.472589, 0.215748, 
0.410089, 0.278248, 
5.8e-05, 0.435203, 
5.8e-05, 5.8e-05, 
0.072582, 5.8e-05, 
0.07216, 5.8e-05, 
0.144262, 5.8e-05, 
0.144262, 0.43267, 
0.070886, 5.8e-05, 
0.070886, 0.425028, 
5.8e-05, 5.8e-05, 
0.190945, 0.173401, 
0.190945, 0.110901, 
0.315945, 0.110901, 
0.07231, 0.433571, 
0.07231, 5.8e-05, 
0.144562, 0.433571, 
0.4375, 0.125, 
0.4375, 0.0625, 
0.4375, 0.125, 
0.141116, 0.423233, 
0.070587, 0.423233, 
5.8e-05, 5.8e-05, 
0.0001, 0.207708, 
0.049089, 0.048884, 
0.048766, 0.207774, 
0.207732, 0.4159, 
0.128124, 0.367064, 
0.207796, 0.367233, 
0.103957, 0.415642, 
0.048655, 0.366696, 
0.128124, 0.367064, 
0.415893, 0.208292, 
0.367338, 0.049303, 
0.415723, 0.001327, 
0.415893, 0.208292, 
0.366904, 0.367116, 
0.367228, 0.208226, 
0.311483, 0.4159, 
0.366904, 0.367116, 
0.415147, 0.415215, 
0.208261, 0.0001, 
0.28787, 0.048936, 
0.208197, 0.048767, 
0.312036, 0.000358, 
0.367338, 0.049303, 
0.28787, 0.048936, 
0.207732, 0.4159, 
0.287448, 0.367268, 
0.311483, 0.4159, 
0.10451, 0.0001, 
0.049089, 0.048884, 
0.000846, 0.000785, 
0.719727, 0.155274, 
0.719727, 0.092774, 
0.827928, 0.092774, 
0.127977, 0.295386, 
0.289864, 0.26792, 
0.258552, 0.407018, 
0.239707, 0.045075, 
0.276721, 0.179499, 
0.186786, 0.077656, 
0.451979, 0.346379, 
0.37787, 0.227775, 
0.50411, 0.292912, 
0.239707, 0.045075, 
0.319208, 0.159513, 
0.297724, 0.168987, 
0.186786, 0.077656, 
0.257942, 0.191737, 
0.136217, 0.127633, 
0.50411, 0.120335, 
0.37787, 0.227775, 
0.35973, 0.18859, 
0.396165, 0.381229, 
0.35812, 0.239926, 
0.451979, 0.346379, 
0.50411, 0.120335, 
0.34008, 0.15331, 
0.369453, 0.018834, 
0.333365, 0.401791, 
0.289864, 0.26792, 
0.314103, 0.260381, 
0.127977, 0.295386, 
0.257942, 0.191737, 
0.273535, 0.230103, 
0.396165, 0.381229, 
0.314103, 0.260381, 
0.336188, 0.250582, 
0.435876, 0.199828, 
0.435876, 0.324828, 
0.373376, 0.324828, 
0.521137, 0.221531, 
0.458637, 0.346531, 
0.396137, 0.346531, 
0.5625, 0.25, 
0.625, 0.25, 
0.625, 0.375, 
0.5, 0.25, 
0.5625, 0.25, 
0.625, 0.375, 
0.558342, 0.175025, 
0.433342, 0.300025, 
0.308342, 0.175025, 
0.468996, 0.352731, 
0.406496, 0.352731, 
0.343996, 0.227731, 
0.426649, 0.386836, 
0.364149, 0.386836, 
0.364149, 0.261836, 
0.375, 0.375, 
0.375, 0.25, 
0.4375, 0.25, 
0.4375, 0.25, 
0.5, 0.25, 
0.375, 0.375, 
0.366117, 0.169661, 
0.366117, 0.294661, 
0.303617, 0.294661, 
0.46378, 0.247171, 
0.40128, 0.372171, 
0.33878, 0.372171, 
0.261762, 0.148524, 
0.324262, 0.148524, 
0.324262, 0.273524, 
0.242667, 0.098918, 
0.305167, 0.098918, 
0.367667, 0.223918, 
0.488583, 0.206865, 
0.363583, 0.331865, 
0.238583, 0.206865, 
0.400787, 0.307062, 
0.338287, 0.307062, 
0.275787, 0.182062, 
0.328986, 0.296211, 
0.266486, 0.296211, 
0.266486, 0.171211, 
0.331594, 0.338632, 
0.331594, 0.213632, 
0.394094, 0.213632, 
0.400295, 0.176427, 
0.462795, 0.176427, 
0.337795, 0.301427, 
0.298652, 0.025498, 
0.369453, 0.018834, 
0.34008, 0.15331, 
0.0001, 0.207708, 
0.048766, 0.207774, 
0.048655, 0.366696, 
0.294808, 0.2922, 
0.294808, 0.3547, 
0.232308, 0.3547, 
0.232308, 0.3547, 
0.232308, 0.2922, 
0.294808, 0.2922, 
0.232308, 0.2922, 
0.232308, 0.2297, 
0.294808, 0.2297, 
0.294808, 0.2922, 
0.232308, 0.2922, 
0.294808, 0.2297, 
0.232308, 0.2297, 
0.232308, 0.1672, 
0.294808, 0.2297, 
0.232308, 0.1672, 
0.232308, 0.1047, 
0.294808, 0.1672, 
0.232308, 0.1047, 
0.294808, 0.1047, 
0.294808, 0.1672, 
0.4375, 0, 
0.4375, 0.0625, 
0.375, 0.0625, 
0.4375, 0.0625, 
0.4375, 0.125, 
0.375, 0.125, 
0.375, 0.0625, 
0.4375, 0.0625, 
0.375, 0.125, 
0.4375, 0.125, 
0.4375, 0.1875, 
0.375, 0.125, 
0.4375, 0.1875, 
0.4375, 0.25, 
0.375, 0.1875, 
0.4375, 0.25, 
0.375, 0.25, 
0.375, 0.1875, 
0.375, 0.1875, 
0.375, 0.125, 
0.4375, 0.1875, 
0.4375, 0.25, 
0.4375, 0.1875, 
0.5, 0.25, 
0.4375, 0.1875, 
0.5, 0.1875, 
0.5, 0.25, 
0.5, 0.1875, 
0.5625, 0.1875, 
0.5, 0.25, 
5.8e-05, 0.401441, 
5.8e-05, 5.8e-05, 
0.066955, 5.8e-05, 
0.066955, 5.8e-05, 
0.133852, 5.8e-05, 
0.133852, 0.401441, 
0.066955, 0.401441, 
5.8e-05, 0.401441, 
0.066955, 5.8e-05, 
0.625, 0.1875, 
0.625, 0.25, 
0.5625, 0.25, 
0.5625, 0.25, 
0.5625, 0.1875, 
0.625, 0.1875, 
0.5625, 0.1875, 
0.5625, 0.125, 
0.625, 0.125, 
0.625, 0.1875, 
0.5625, 0.1875, 
0.625, 0.125, 
0.5625, 0.125, 
0.5625, 0.0625, 
0.625, 0.125, 
0.5625, 0.0625, 
0.5625, 0, 
0.625, 0.0625, 
0.5625, 0, 
0.625, 0, 
0.625, 0.0625, 
0.294882, 0.27254, 
0.294882, 0.21004, 
0.357382, 0.27254, 
0.294882, 0.21004, 
0.357382, 0.21004, 
0.357382, 0.27254, 
0.357382, 0.21004, 
0.419882, 0.21004, 
0.357382, 0.27254, 
0.437992, 0.258169, 
0.500492, 0.258169, 
0.500492, 0.320669, 
0.437992, 0.320669, 
0.375492, 0.320669, 
0.437992, 0.258169, 
0.375492, 0.320669, 
0.375492, 0.258169, 
0.437992, 0.258169, 
0.4375, 0.125, 
0.4375, 0.0625, 
0.5, 0.0625, 
0.5, 0.0625, 
0.5625, 0.0625, 
0.5625, 0.125, 
0.5625, 0.125, 
0.5625, 0.1875, 
0.5, 0.1875, 
0.5, 0.1875, 
0.4375, 0.1875, 
0.4375, 0.125, 
0.4375, 0.125, 
0.5, 0.0625, 
0.5, 0.1875, 
0.208261, 0.0001, 
0.208197, 0.048767, 
0.128546, 0.048732, 
0.366191, 0.096949, 
0.366191, 0.159449, 
0.303691, 0.159449, 
0.366191, 0.159449, 
0.366191, 0.221949, 
0.303691, 0.221949, 
0.303691, 0.159449, 
0.366191, 0.159449, 
0.303691, 0.221949, 
0.366191, 0.221949, 
0.366191, 0.284449, 
0.303691, 0.221949, 
0.366191, 0.284449, 
0.366191, 0.346949, 
0.303691, 0.284449, 
0.366191, 0.346949, 
0.303691, 0.346949, 
0.303691, 0.284449, 
0.303691, 0.284449, 
0.303691, 0.221949, 
0.366191, 0.284449, 
0.5, 0, 
0.5625, 0, 
0.5625, 0.0625, 
0.5, 0.0625, 
0.4375, 0.0625, 
0.5, 0, 
0.4375, 0.0625, 
0.4375, 0, 
0.5, 0, 
0.317329, 5.8e-05, 
0.6346, 5.8e-05, 
5.8e-05, 0.396837, 
0.6346, 5.8e-05, 
0.6346, 0.396837, 
0.317329, 0.396837, 
0.317329, 0.396837, 
5.8e-05, 0.396837, 
0.6346, 5.8e-05, 
0.347589, 0.215748, 
0.347589, 0.153248, 
0.410089, 0.153248, 
0.410089, 0.153248, 
0.472589, 0.153248, 
0.472589, 0.215748, 
0.472589, 0.215748, 
0.472589, 0.278248, 
0.410089, 0.278248, 
0.410089, 0.278248, 
0.347589, 0.278248, 
0.347589, 0.215748, 
0.347589, 0.215748, 
0.410089, 0.153248, 
0.410089, 0.278248, 
0.072582, 5.8e-05, 
0.145106, 5.8e-05, 
5.8e-05, 0.435203, 
0.145106, 5.8e-05, 
0.145106, 0.435203, 
0.072582, 0.435203, 
0.072582, 0.435203, 
5.8e-05, 0.435203, 
0.145106, 5.8e-05, 
5.8e-05, 0.43267, 
5.8e-05, 5.8e-05, 
0.07216, 0.43267, 
5.8e-05, 5.8e-05, 
0.07216, 5.8e-05, 
0.144262, 0.43267, 
0.07216, 0.43267, 
5.8e-05, 5.8e-05, 
0.144262, 0.43267, 
0.070886, 5.8e-05, 
0.141715, 5.8e-05, 
0.141715, 0.425028, 
0.070886, 0.425028, 
5.8e-05, 0.425028, 
5.8e-05, 5.8e-05, 
0.070886, 5.8e-05, 
0.141715, 0.425028, 
0.070886, 0.425028, 
0.440945, 0.298401, 
0.440945, 0.360901, 
0.315945, 0.360901, 
0.315945, 0.360901, 
0.190945, 0.360901, 
0.190945, 0.298401, 
0.315945, 0.360901, 
0.190945, 0.298401, 
0.190945, 0.235901, 
0.440945, 0.235901, 
0.440945, 0.298401, 
0.315945, 0.360901, 
0.315945, 0.110901, 
0.440945, 0.110901, 
0.440945, 0.173401, 
0.440945, 0.173401, 
0.440945, 0.235901, 
0.315945, 0.110901, 
0.440945, 0.235901, 
0.315945, 0.360901, 
0.315945, 0.110901, 
0.315945, 0.360901, 
0.190945, 0.235901, 
0.315945, 0.110901, 
0.190945, 0.235901, 
0.190945, 0.173401, 
0.315945, 0.110901, 
0.07231, 0.433571, 
5.8e-05, 0.433571, 
5.8e-05, 5.8e-05, 
0.07231, 5.8e-05, 
0.144562, 5.8e-05, 
0.144562, 0.433571, 
0.07231, 0.433571, 
5.8e-05, 5.8e-05, 
0.07231, 5.8e-05, 
0.4375, 0.1875, 
0.4375, 0.1875, 
0.4375, 0.125, 
0.4375, 0.125, 
0.4375, 0.0625, 
0.4375, 0.0625, 
0.4375, 0.125, 
0.4375, 0.1875, 
0.4375, 0.125, 
0.070587, 5.8e-05, 
0.141116, 5.8e-05, 
0.141116, 0.423233, 
0.070587, 0.423233, 
5.8e-05, 0.423233, 
5.8e-05, 5.8e-05, 
0.070587, 5.8e-05, 
0.141116, 0.423233, 
5.8e-05, 5.8e-05, 
0.0001, 0.207708, 
0.000846, 0.000785, 
0.049089, 0.048884, 
0.207732, 0.4159, 
0.103957, 0.415642, 
0.128124, 0.367064, 
0.103957, 0.415642, 
0.00027, 0.414673, 
0.048655, 0.366696, 
0.415893, 0.208292, 
0.367228, 0.208226, 
0.367338, 0.049303, 
0.415893, 0.208292, 
0.415147, 0.415215, 
0.366904, 0.367116, 
0.311483, 0.4159, 
0.287448, 0.367268, 
0.366904, 0.367116, 
0.208261, 0.0001, 
0.312036, 0.000358, 
0.28787, 0.048936, 
0.312036, 0.000358, 
0.415723, 0.001327, 
0.367338, 0.049303, 
0.207732, 0.4159, 
0.207796, 0.367233, 
0.287448, 0.367268, 
0.10451, 0.0001, 
0.128546, 0.048732, 
0.049089, 0.048884, 
0.93613, 0.280274, 
0.93613, 0.342774, 
0.827928, 0.342774, 
0.827928, 0.342774, 
0.719727, 0.342774, 
0.719727, 0.280274, 
0.827928, 0.342774, 
0.719727, 0.280274, 
0.719727, 0.217774, 
0.93613, 0.217774, 
0.93613, 0.280274, 
0.827928, 0.342774, 
0.827928, 0.092774, 
0.93613, 0.092774, 
0.93613, 0.155274, 
0.93613, 0.155274, 
0.93613, 0.217774, 
0.827928, 0.092774, 
0.93613, 0.217774, 
0.827928, 0.342774, 
0.827928, 0.092774, 
0.827928, 0.342774, 
0.719727, 0.217774, 
0.827928, 0.092774, 
0.719727, 0.217774, 
0.719727, 0.155274, 
0.827928, 0.092774, 
0.127977, 0.295386, 
0.273535, 0.230103, 
0.289864, 0.26792, 
0.239707, 0.045075, 
0.297724, 0.168987, 
0.276721, 0.179499, 
0.451979, 0.346379, 
0.35812, 0.239926, 
0.37787, 0.227775, 
0.239707, 0.045075, 
0.298652, 0.025498, 
0.319208, 0.159513, 
0.186786, 0.077656, 
0.276721, 0.179499, 
0.257942, 0.191737, 
0.50411, 0.120335, 
0.50411, 0.292912, 
0.37787, 0.227775, 
0.396165, 0.381229, 
0.336188, 0.250582, 
0.35812, 0.239926, 
0.50411, 0.120335, 
0.35973, 0.18859, 
0.34008, 0.15331, 
0.333365, 0.401791, 
0.258552, 0.407018, 
0.289864, 0.26792, 
0.127977, 0.295386, 
0.136217, 0.127633, 
0.257942, 0.191737, 
0.396165, 0.381229, 
0.333365, 0.401791, 
0.314103, 0.260381, 
]);
