var standlv = new Float32Array([
1, 0, -0.75, 
1, 0.025, -1, 
1, 0.05, -1, 
0, 0.2, -0.25, 
0, 4.15519, -0.25, 
0.25, 0.2, -0.25, 
0.25, 4.15519, -0.25, 
0.25, 4.62526, 0, 
0.25, 4.15519, 0.25, 
-0.25, 0.2, -0.75, 
-0.75, 0.2, -1, 
-1, 0.2, -0.75, 
-0.25, 4.15519, 0.25, 
-0.25, 4.62526, 0, 
-0.25, 4.15519, -0.25, 
0.25, 4.15519, 0.25, 
0, 4.62526, 0.25, 
-0.25, 4.15519, 0.25, 
-0.75, 0, -1, 
-1, 0.025, -1, 
-1, 0.05, -1, 
1, 0.2, -0.75, 
0.75, 0.2, -1, 
0.25, 0.2, -0.75, 
-0.25, 0.2, -0.5, 
0, 0.2, -0.25, 
0.25, 0.2, -0.5, 
0, 0.2, 1, 
0, 0.2, 0.25, 
-0.25, 0.2, 0.5, 
-0.25, 4.15519, -0.25, 
-1.03372, 5.36207, -0.997978, 
-1.03372, 3.41838, -0.997978, 
-0.25, 4.62526, 0, 
0, 4.62526, 0.25, 
0.25, 4.62526, 0, 
0.75, 0, 1, 
1, 0.025, 1, 
1, 0.05, 1, 
0, 4.62526, -0.25, 
0, 5.36207, -0.997978, 
-0.25, 4.62526, -0.25, 
0.25, 4.15519, -0.25, 
1.03372, 5.36207, -0.997978, 
0.25, 4.62526, -0.25, 
0, 3.68182, -0.842392, 
-0.753505, 5.09863, -0.842392, 
0, 5.09863, -0.842392, 
-0.25, 4.15519, -0.25, 
-1.03372, 3.41838, -0.997978, 
0, 3.41838, -0.997978, 
0, 3.41838, -0.997978, 
0, 3.41838, -1.09283, 
1.03372, 3.41838, -0.997978, 
0, 5.36207, -0.997978, 
1.03372, 5.36207, -1.09283, 
0, 5.36207, -1.09283, 
0, 5.09863, -1.10749, 
0.753505, 5.09863, -0.842392, 
0, 5.09863, -0.842392, 
1.03372, 3.41838, -1.09283, 
0.753505, 5.09863, -1.10749, 
1.03372, 5.36207, -1.09283, 
1.03372, 3.41838, -0.997978, 
1.03372, 5.36207, -1.09283, 
1.03372, 5.36207, -0.997978, 
-1.03372, 5.36207, -0.997978, 
-1.03372, 3.41838, -1.09283, 
-1.03372, 3.41838, -0.997978, 
0, 3.41838, -1.09283, 
-0.753505, 3.68182, -1.10749, 
0, 3.68182, -1.10749, 
-1, 0, -0.75, 
-0.75, 0, -1, 
-0.5, 0, -1, 
0, 5.36207, -1.09283, 
0.753505, 5.09863, -1.10749, 
0, 5.09863, -1.10749, 
-1.03372, 5.36207, -1.09283, 
-0.753505, 3.68182, -1.10749, 
-1.03372, 3.41838, -1.09283, 
0, 3.68182, -1.10749, 
0, 3.68182, -0.842392, 
0.753505, 3.68182, -1.10749, 
0.753505, 3.68182, -1.10749, 
0.753505, 5.09863, -0.842392, 
0.753505, 5.09863, -1.10749, 
-0.753505, 5.09863, -1.10749, 
-0.753505, 3.68182, -0.842392, 
-0.753505, 3.68182, -1.10749, 
-1, 0, 0.75, 
-1, 0.025, 1, 
-1, 0.05, 1, 
1, 0.2, 0.75, 
1, 0.2, 1, 
1, 0.175, 1, 
1, 0.2, 0.75, 
1, 0.175, 1, 
1, 0.15, 1, 
1, 0.2, 0.5, 
1, 0.2, 0.75, 
1, 0.15, 1, 
1, 0.2, 0.5, 
1, 0.15, 1, 
1, 0.125, 1, 
1, 0.2, 0.25, 
1, 0.2, 0.5, 
1, 0.125, 1, 
1, 0.2, 0.25, 
1, 0.125, 1, 
1, 0.1, 1, 
1, 0.2, 0, 
1, 0.2, 0.25, 
1, 0.1, 1, 
1, 0.2, 0, 
1, 0.1, 1, 
1, 0.1, -1, 
1, 0.1, 1, 
1, 0.075, 1, 
1, 0, 0, 
1, 0.1, -1, 
1, 0.1, 1, 
1, 0, 0, 
1, 0.2, -0.25, 
1, 0.2, 0, 
1, 0.125, -1, 
1, 0.125, -1, 
1, 0.2, 0, 
1, 0.1, -1, 
1, 0.075, 1, 
1, 0.05, 1, 
1, 0, 0.25, 
1, 0.2, -0.5, 
1, 0.2, -0.25, 
1, 0.125, -1, 
1, 0.025, 1, 
1, 0, 1, 
1, 0, 0.75, 
1, 0.05, 1, 
1, 0.025, 1, 
1, 0, 0.5, 
1, 0.175, -1, 
1, 0.2, -1, 
1, 0.2, -0.75, 
1, 0.2, -0.75, 
1, 0.2, -0.5, 
1, 0.175, -1, 
1, 0.175, -1, 
1, 0.2, -0.5, 
1, 0.15, -1, 
1, 0.025, 1, 
1, 0, 0.75, 
1, 0, 0.5, 
1, 0, 0.5, 
1, 0, 0.25, 
1, 0.05, 1, 
1, 0.15, -1, 
1, 0.2, -0.5, 
1, 0.125, -1, 
1, 0, 0.25, 
1, 0, 0, 
1, 0.075, 1, 
1, 0, 0, 
1, 0, -0.25, 
1, 0.075, -1, 
1, 0, 0, 
1, 0.075, -1, 
1, 0.1, -1, 
1, 0, -0.25, 
1, 0, -0.5, 
1, 0.05, -1, 
1, 0, -0.75, 
1, 0, -1, 
1, 0.025, -1, 
1, 0, -0.25, 
1, 0.05, -1, 
1, 0.075, -1, 
1, 0, -0.5, 
1, 0, -0.75, 
1, 0.05, -1, 
0, 0.2, -0.25, 
-0.25, 0.2, -0.25, 
-0.25, 4.15519, -0.25, 
0, 4.15519, -0.25, 
0.25, 4.15519, -0.25, 
0.25, 0.2, -0.25, 
0, 0.2, -0.25, 
-0.25, 4.15519, -0.25, 
0, 4.15519, -0.25, 
0.25, 0.2, 0, 
0.25, 0.2, -0.25, 
0.25, 4.15519, -0.25, 
0.25, 4.15519, -0.25, 
0.25, 4.62526, -0.25, 
0.25, 4.62526, 0, 
0.25, 4.62526, 0, 
0.25, 4.62526, 0.25, 
0.25, 4.15519, 0.25, 
0.25, 4.15519, 0.25, 
0.25, 0.2, 0.25, 
0.25, 0.2, 0, 
0.25, 0.2, 0, 
0.25, 4.15519, -0.25, 
0.25, 4.15519, 0.25, 
-1, 0.2, 0.75, 
-1, 0.2, 1, 
-0.75, 0.2, 1, 
-0.5, 0.2, 1, 
-0.25, 0.2, 1, 
-0.25, 0.2, 0.75, 
-1, 0.2, 0.75, 
-0.75, 0.2, 1, 
-0.5, 0.2, 1, 
-1, 0.2, 0.5, 
-1, 0.2, 0.75, 
-0.5, 0.2, 1, 
-0.5, 0.2, 1, 
-0.25, 0.2, 0.75, 
-0.25, 0.2, 0.5, 
-0.5, 0.2, 1, 
-0.25, 0.2, 0.5, 
-1, 0.2, 0.5, 
-0.25, 0.2, 0.5, 
-0.25, 0.2, 0.25, 
-1, 0.2, 0.25, 
-1, 0.2, 0.25, 
-1, 0.2, 0.5, 
-0.25, 0.2, 0.5, 
-1, 0.2, 0, 
-1, 0.2, 0.25, 
-0.25, 0.2, 0.25, 
-0.25, 0.2, 0.25, 
-0.25, 0.2, 0, 
-1, 0.2, 0, 
-0.25, 0.2, 0, 
-0.25, 0.2, -0.25, 
-1, 0.2, -0.25, 
-1, 0.2, -0.25, 
-1, 0.2, 0, 
-0.25, 0.2, 0, 
-1, 0.2, -0.5, 
-1, 0.2, -0.25, 
-0.25, 0.2, -0.25, 
-0.25, 0.2, -0.25, 
-0.25, 0.2, -0.5, 
-1, 0.2, -0.5, 
-0.25, 0.2, -0.75, 
-0.25, 0.2, -1, 
-0.5, 0.2, -1, 
-0.25, 0.2, -0.5, 
-0.25, 0.2, -0.75, 
-1, 0.2, -0.75, 
-1, 0.2, -0.75, 
-1, 0.2, -0.5, 
-0.25, 0.2, -0.5, 
-0.75, 0.2, -1, 
-1, 0.2, -1, 
-1, 0.2, -0.75, 
-0.25, 0.2, -0.75, 
-0.5, 0.2, -1, 
-0.75, 0.2, -1, 
-0.25, 0.2, 0, 
-0.25, 0.2, 0.25, 
-0.25, 4.15519, 0.25, 
-0.25, 4.15519, 0.25, 
-0.25, 4.62526, 0.25, 
-0.25, 4.62526, 0, 
-0.25, 4.62526, 0, 
-0.25, 4.62526, -0.25, 
-0.25, 4.15519, -0.25, 
-0.25, 4.15519, -0.25, 
-0.25, 0.2, -0.25, 
-0.25, 0.2, 0, 
-0.25, 0.2, 0, 
-0.25, 4.15519, 0.25, 
-0.25, 4.15519, -0.25, 
0, 0.2, 0.25, 
0.25, 0.2, 0.25, 
0.25, 4.15519, 0.25, 
0.25, 4.15519, 0.25, 
0.25, 4.62526, 0.25, 
0, 4.62526, 0.25, 
0, 4.62526, 0.25, 
-0.25, 4.62526, 0.25, 
-0.25, 4.15519, 0.25, 
-0.25, 4.15519, 0.25, 
-0.25, 0.2, 0.25, 
0, 0.2, 0.25, 
0, 0.2, 0.25, 
0.25, 4.15519, 0.25, 
-0.25, 4.15519, 0.25, 
0.75, 0.2, -1, 
1, 0.2, -1, 
1, 0.175, -1, 
0.75, 0.2, -1, 
1, 0.175, -1, 
1, 0.15, -1, 
0.5, 0.2, -1, 
0.75, 0.2, -1, 
1, 0.15, -1, 
0.5, 0.2, -1, 
1, 0.15, -1, 
1, 0.125, -1, 
0.25, 0.2, -1, 
0.5, 0.2, -1, 
1, 0.125, -1, 
0.25, 0.2, -1, 
1, 0.125, -1, 
1, 0.1, -1, 
0, 0.2, -1, 
0.25, 0.2, -1, 
1, 0.1, -1, 
0, 0.2, -1, 
1, 0.1, -1, 
-1, 0.1, -1, 
1, 0.1, -1, 
1, 0.075, -1, 
0, 0, -1, 
-1, 0.1, -1, 
1, 0.1, -1, 
0, 0, -1, 
-0.25, 0.2, -1, 
0, 0.2, -1, 
-1, 0.125, -1, 
-1, 0.125, -1, 
0, 0.2, -1, 
-1, 0.1, -1, 
1, 0.075, -1, 
1, 0.05, -1, 
0.25, 0, -1, 
-0.5, 0.2, -1, 
-0.25, 0.2, -1, 
-1, 0.125, -1, 
1, 0.025, -1, 
1, 0, -1, 
0.75, 0, -1, 
1, 0.05, -1, 
1, 0.025, -1, 
0.5, 0, -1, 
-1, 0.175, -1, 
-1, 0.2, -1, 
-0.75, 0.2, -1, 
-0.75, 0.2, -1, 
-0.5, 0.2, -1, 
-1, 0.175, -1, 
-1, 0.175, -1, 
-0.5, 0.2, -1, 
-1, 0.15, -1, 
1, 0.025, -1, 
0.75, 0, -1, 
0.5, 0, -1, 
0.5, 0, -1, 
0.25, 0, -1, 
1, 0.05, -1, 
-1, 0.15, -1, 
-0.5, 0.2, -1, 
-1, 0.125, -1, 
0.25, 0, -1, 
0, 0, -1, 
1, 0.075, -1, 
0, 0, -1, 
-0.25, 0, -1, 
-1, 0.075, -1, 
0, 0, -1, 
-1, 0.075, -1, 
-1, 0.1, -1, 
-0.25, 0, -1, 
-0.5, 0, -1, 
-1, 0.05, -1, 
-0.75, 0, -1, 
-1, 0, -1, 
-1, 0.025, -1, 
-0.25, 0, -1, 
-1, 0.05, -1, 
-1, 0.075, -1, 
-0.5, 0, -1, 
-0.75, 0, -1, 
-1, 0.05, -1, 
0.25, 0.2, 0, 
0.25, 0.2, 0.25, 
0.5, 0.2, 0.25, 
0.75, 0.2, 0.25, 
1, 0.2, 0.25, 
1, 0.2, 0, 
0.25, 0.2, 0, 
0.5, 0.2, 0.25, 
0.75, 0.2, 0.25, 
0.25, 0.2, -0.25, 
0.25, 0.2, 0, 
0.75, 0.2, 0.25, 
0.75, 0.2, 0.25, 
1, 0.2, 0, 
1, 0.2, -0.25, 
0.75, 0.2, 0.25, 
1, 0.2, -0.25, 
0.25, 0.2, -0.25, 
1, 0.2, -0.25, 
1, 0.2, -0.5, 
0.25, 0.2, -0.5, 
0.25, 0.2, -0.5, 
0.25, 0.2, -0.25, 
1, 0.2, -0.25, 
0.5, 0.2, -1, 
0.25, 0.2, -1, 
0.25, 0.2, -0.75, 
0.25, 0.2, -0.75, 
0.25, 0.2, -0.5, 
1, 0.2, -0.5, 
1, 0.2, -0.5, 
1, 0.2, -0.75, 
0.25, 0.2, -0.75, 
1, 0.2, -0.75, 
1, 0.2, -1, 
0.75, 0.2, -1, 
0.75, 0.2, -1, 
0.5, 0.2, -1, 
0.25, 0.2, -0.75, 
0.25, 0.2, -0.75, 
0.25, 0.2, -1, 
0, 0.2, -1, 
0, 0.2, -1, 
-0.25, 0.2, -1, 
-0.25, 0.2, -0.75, 
-0.25, 0.2, -0.5, 
-0.25, 0.2, -0.25, 
0, 0.2, -0.25, 
0, 0.2, -1, 
-0.25, 0.2, -0.75, 
0.25, 0.2, -0.75, 
-0.25, 0.2, -0.75, 
-0.25, 0.2, -0.5, 
0.25, 0.2, -0.5, 
0.25, 0.2, -0.5, 
0.25, 0.2, -0.75, 
-0.25, 0.2, -0.75, 
0, 0.2, -0.25, 
0.25, 0.2, -0.25, 
0.25, 0.2, -0.5, 
0.75, 0.2, 1, 
1, 0.2, 1, 
1, 0.2, 0.75, 
1, 0.2, 0.5, 
1, 0.2, 0.25, 
0.75, 0.2, 0.25, 
0.75, 0.2, 1, 
1, 0.2, 0.75, 
1, 0.2, 0.5, 
0.5, 0.2, 1, 
0.75, 0.2, 1, 
1, 0.2, 0.5, 
1, 0.2, 0.5, 
0.75, 0.2, 0.25, 
0.5, 0.2, 0.25, 
1, 0.2, 0.5, 
0.5, 0.2, 0.25, 
0.5, 0.2, 1, 
0.5, 0.2, 0.25, 
0.25, 0.2, 0.25, 
0.25, 0.2, 1, 
0.25, 0.2, 1, 
0.5, 0.2, 1, 
0.5, 0.2, 0.25, 
-0.25, 0.2, 0.75, 
-0.25, 0.2, 1, 
0, 0.2, 1, 
0, 0.2, 1, 
0.25, 0.2, 1, 
0.25, 0.2, 0.25, 
0.25, 0.2, 0.25, 
0, 0.2, 0.25, 
0, 0.2, 1, 
0, 0.2, 0.25, 
-0.25, 0.2, 0.25, 
-0.25, 0.2, 0.5, 
-0.25, 0.2, 0.5, 
-0.25, 0.2, 0.75, 
0, 0.2, 1, 
-0.25, 4.15519, -0.25, 
-0.25, 4.62526, -0.25, 
-1.03372, 5.36207, -0.997978, 
0.25, 4.62526, 0, 
0.25, 4.62526, -0.25, 
0, 4.62526, -0.25, 
0, 4.62526, -0.25, 
-0.25, 4.62526, -0.25, 
-0.25, 4.62526, 0, 
-0.25, 4.62526, 0, 
-0.25, 4.62526, 0.25, 
0, 4.62526, 0.25, 
0, 4.62526, 0.25, 
0.25, 4.62526, 0.25, 
0.25, 4.62526, 0, 
0.25, 4.62526, 0, 
0, 4.62526, -0.25, 
-0.25, 4.62526, 0, 
-0.75, 0.2, 1, 
-1, 0.2, 1, 
-1, 0.175, 1, 
-0.75, 0.2, 1, 
-1, 0.175, 1, 
-1, 0.15, 1, 
-0.5, 0.2, 1, 
-0.75, 0.2, 1, 
-1, 0.15, 1, 
-0.5, 0.2, 1, 
-1, 0.15, 1, 
-1, 0.125, 1, 
-0.25, 0.2, 1, 
-0.5, 0.2, 1, 
-1, 0.125, 1, 
-0.25, 0.2, 1, 
-1, 0.125, 1, 
-1, 0.1, 1, 
0, 0.2, 1, 
-0.25, 0.2, 1, 
-1, 0.1, 1, 
0, 0.2, 1, 
-1, 0.1, 1, 
1, 0.1, 1, 
-1, 0.1, 1, 
-1, 0.075, 1, 
0, 0, 1, 
1, 0.1, 1, 
-1, 0.1, 1, 
0, 0, 1, 
0.25, 0.2, 1, 
0, 0.2, 1, 
1, 0.125, 1, 
1, 0.125, 1, 
0, 0.2, 1, 
1, 0.1, 1, 
-1, 0.075, 1, 
-1, 0.05, 1, 
-0.25, 0, 1, 
0.5, 0.2, 1, 
0.25, 0.2, 1, 
1, 0.125, 1, 
-1, 0.025, 1, 
-1, 0, 1, 
-0.75, 0, 1, 
-1, 0.05, 1, 
-1, 0.025, 1, 
-0.5, 0, 1, 
1, 0.175, 1, 
1, 0.2, 1, 
0.75, 0.2, 1, 
0.75, 0.2, 1, 
0.5, 0.2, 1, 
1, 0.175, 1, 
1, 0.175, 1, 
0.5, 0.2, 1, 
1, 0.15, 1, 
-1, 0.025, 1, 
-0.75, 0, 1, 
-0.5, 0, 1, 
-0.5, 0, 1, 
-0.25, 0, 1, 
-1, 0.05, 1, 
1, 0.15, 1, 
0.5, 0.2, 1, 
1, 0.125, 1, 
-0.25, 0, 1, 
0, 0, 1, 
-1, 0.075, 1, 
0, 0, 1, 
0.25, 0, 1, 
1, 0.075, 1, 
0, 0, 1, 
1, 0.075, 1, 
1, 0.1, 1, 
0.25, 0, 1, 
0.5, 0, 1, 
1, 0.05, 1, 
0.75, 0, 1, 
1, 0, 1, 
1, 0.025, 1, 
0.25, 0, 1, 
1, 0.05, 1, 
1, 0.075, 1, 
0.5, 0, 1, 
0.75, 0, 1, 
1, 0.05, 1, 
0, 4.62526, -0.25, 
0.25, 4.62526, -0.25, 
0, 5.36207, -0.997978, 
0.25, 4.62526, -0.25, 
1.03372, 5.36207, -0.997978, 
0, 5.36207, -0.997978, 
0, 5.36207, -0.997978, 
-1.03372, 5.36207, -0.997978, 
-0.25, 4.62526, -0.25, 
0.25, 4.15519, -0.25, 
1.03372, 3.41838, -0.997978, 
1.03372, 5.36207, -0.997978, 
0.753505, 5.09863, -0.842392, 
0.753505, 3.68182, -0.842392, 
0, 3.68182, -0.842392, 
0, 3.68182, -0.842392, 
-0.753505, 3.68182, -0.842392, 
-0.753505, 5.09863, -0.842392, 
0, 5.09863, -0.842392, 
0.753505, 5.09863, -0.842392, 
0, 3.68182, -0.842392, 
1.03372, 3.41838, -0.997978, 
0.25, 4.15519, -0.25, 
0, 3.41838, -0.997978, 
0.25, 4.15519, -0.25, 
0, 4.15519, -0.25, 
0, 3.41838, -0.997978, 
0, 4.15519, -0.25, 
-0.25, 4.15519, -0.25, 
0, 3.41838, -0.997978, 
0, 3.41838, -0.997978, 
-1.03372, 3.41838, -0.997978, 
-1.03372, 3.41838, -1.09283, 
0, 3.41838, -1.09283, 
1.03372, 3.41838, -1.09283, 
1.03372, 3.41838, -0.997978, 
0, 3.41838, -0.997978, 
-1.03372, 3.41838, -1.09283, 
0, 3.41838, -1.09283, 
-1.03372, 5.36207, -1.09283, 
-1.03372, 5.36207, -0.997978, 
0, 5.36207, -0.997978, 
0, 5.36207, -0.997978, 
1.03372, 5.36207, -0.997978, 
1.03372, 5.36207, -1.09283, 
0, 5.36207, -1.09283, 
-1.03372, 5.36207, -1.09283, 
0, 5.36207, -0.997978, 
-0.753505, 5.09863, -0.842392, 
-0.753505, 5.09863, -1.10749, 
0, 5.09863, -1.10749, 
0, 5.09863, -1.10749, 
0.753505, 5.09863, -1.10749, 
0.753505, 5.09863, -0.842392, 
0, 5.09863, -0.842392, 
-0.753505, 5.09863, -0.842392, 
0, 5.09863, -1.10749, 
1.03372, 3.41838, -1.09283, 
0.753505, 3.68182, -1.10749, 
0.753505, 5.09863, -1.10749, 
1.03372, 3.41838, -0.997978, 
1.03372, 3.41838, -1.09283, 
1.03372, 5.36207, -1.09283, 
-1.03372, 5.36207, -0.997978, 
-1.03372, 5.36207, -1.09283, 
-1.03372, 3.41838, -1.09283, 
0.753505, 3.68182, -1.10749, 
1.03372, 3.41838, -1.09283, 
0, 3.41838, -1.09283, 
0, 3.41838, -1.09283, 
-1.03372, 3.41838, -1.09283, 
-0.753505, 3.68182, -1.10749, 
0, 3.68182, -1.10749, 
0.753505, 3.68182, -1.10749, 
0, 3.41838, -1.09283, 
1, 0, 0.75, 
1, 0, 1, 
0.75, 0, 1, 
1, 0, 0.75, 
0.75, 0, 1, 
0.5, 0, 1, 
1, 0, 0.5, 
1, 0, 0.75, 
0.5, 0, 1, 
1, 0, 0.5, 
0.5, 0, 1, 
0.25, 0, 1, 
1, 0, 0.25, 
1, 0, 0.5, 
0.25, 0, 1, 
1, 0, 0.25, 
0.25, 0, 1, 
0, 0, 1, 
1, 0, 0, 
1, 0, 0.25, 
0, 0, 1, 
1, 0, 0, 
0, 0, 1, 
0, 0, -1, 
0, 0, 1, 
-0.25, 0, 1, 
-1, 0, 0, 
0, 0, -1, 
0, 0, 1, 
-1, 0, 0, 
1, 0, -0.25, 
1, 0, 0, 
0.25, 0, -1, 
0.25, 0, -1, 
1, 0, 0, 
0, 0, -1, 
-0.25, 0, 1, 
-0.5, 0, 1, 
-1, 0, 0.25, 
1, 0, -0.5, 
1, 0, -0.25, 
0.25, 0, -1, 
-0.75, 0, 1, 
-1, 0, 1, 
-1, 0, 0.75, 
-0.5, 0, 1, 
-0.75, 0, 1, 
-1, 0, 0.5, 
0.75, 0, -1, 
1, 0, -1, 
1, 0, -0.75, 
1, 0, -0.75, 
1, 0, -0.5, 
0.75, 0, -1, 
0.75, 0, -1, 
1, 0, -0.5, 
0.5, 0, -1, 
-0.75, 0, 1, 
-1, 0, 0.75, 
-1, 0, 0.5, 
-1, 0, 0.5, 
-1, 0, 0.25, 
-0.5, 0, 1, 
0.5, 0, -1, 
1, 0, -0.5, 
0.25, 0, -1, 
-1, 0, 0.25, 
-1, 0, 0, 
-0.25, 0, 1, 
-1, 0, 0, 
-1, 0, -0.25, 
-0.25, 0, -1, 
-1, 0, 0, 
-0.25, 0, -1, 
0, 0, -1, 
-1, 0, -0.25, 
-1, 0, -0.5, 
-0.5, 0, -1, 
-1, 0, -0.75, 
-1, 0, -1, 
-0.75, 0, -1, 
-1, 0, -0.25, 
-0.5, 0, -1, 
-0.25, 0, -1, 
-1, 0, -0.5, 
-1, 0, -0.75, 
-0.5, 0, -1, 
0, 5.36207, -1.09283, 
1.03372, 5.36207, -1.09283, 
0.753505, 5.09863, -1.10749, 
0, 5.09863, -1.10749, 
-0.753505, 5.09863, -1.10749, 
0, 5.36207, -1.09283, 
-0.753505, 5.09863, -1.10749, 
-1.03372, 5.36207, -1.09283, 
0, 5.36207, -1.09283, 
-1.03372, 5.36207, -1.09283, 
-0.753505, 5.09863, -1.10749, 
-0.753505, 3.68182, -1.10749, 
0, 3.68182, -1.10749, 
-0.753505, 3.68182, -1.10749, 
-0.753505, 3.68182, -0.842392, 
0, 3.68182, -0.842392, 
0.753505, 3.68182, -0.842392, 
0.753505, 3.68182, -1.10749, 
0, 3.68182, -1.10749, 
-0.753505, 3.68182, -0.842392, 
0, 3.68182, -0.842392, 
0.753505, 3.68182, -1.10749, 
0.753505, 3.68182, -0.842392, 
0.753505, 5.09863, -0.842392, 
-0.753505, 5.09863, -1.10749, 
-0.753505, 5.09863, -0.842392, 
-0.753505, 3.68182, -0.842392, 
-1, 0.2, -0.75, 
-1, 0.2, -1, 
-1, 0.175, -1, 
-1, 0.2, -0.75, 
-1, 0.175, -1, 
-1, 0.15, -1, 
-1, 0.2, -0.5, 
-1, 0.2, -0.75, 
-1, 0.15, -1, 
-1, 0.2, -0.5, 
-1, 0.15, -1, 
-1, 0.125, -1, 
-1, 0.2, -0.25, 
-1, 0.2, -0.5, 
-1, 0.125, -1, 
-1, 0.2, -0.25, 
-1, 0.125, -1, 
-1, 0.1, -1, 
-1, 0.2, 0, 
-1, 0.2, -0.25, 
-1, 0.1, -1, 
-1, 0.2, 0, 
-1, 0.1, -1, 
-1, 0.1, 1, 
-1, 0.1, -1, 
-1, 0.075, -1, 
-1, 0, 0, 
-1, 0.1, 1, 
-1, 0.1, -1, 
-1, 0, 0, 
-1, 0.2, 0.25, 
-1, 0.2, 0, 
-1, 0.125, 1, 
-1, 0.125, 1, 
-1, 0.2, 0, 
-1, 0.1, 1, 
-1, 0.075, -1, 
-1, 0.05, -1, 
-1, 0, -0.25, 
-1, 0.2, 0.5, 
-1, 0.2, 0.25, 
-1, 0.125, 1, 
-1, 0.025, -1, 
-1, 0, -1, 
-1, 0, -0.75, 
-1, 0.05, -1, 
-1, 0.025, -1, 
-1, 0, -0.5, 
-1, 0.175, 1, 
-1, 0.2, 1, 
-1, 0.2, 0.75, 
-1, 0.2, 0.75, 
-1, 0.2, 0.5, 
-1, 0.175, 1, 
-1, 0.175, 1, 
-1, 0.2, 0.5, 
-1, 0.15, 1, 
-1, 0.025, -1, 
-1, 0, -0.75, 
-1, 0, -0.5, 
-1, 0, -0.5, 
-1, 0, -0.25, 
-1, 0.05, -1, 
-1, 0.15, 1, 
-1, 0.2, 0.5, 
-1, 0.125, 1, 
-1, 0, -0.25, 
-1, 0, 0, 
-1, 0.075, -1, 
-1, 0, 0, 
-1, 0, 0.25, 
-1, 0.075, 1, 
-1, 0, 0, 
-1, 0.075, 1, 
-1, 0.1, 1, 
-1, 0, 0.25, 
-1, 0, 0.5, 
-1, 0.05, 1, 
-1, 0, 0.75, 
-1, 0, 1, 
-1, 0.025, 1, 
-1, 0, 0.25, 
-1, 0.05, 1, 
-1, 0.075, 1, 
-1, 0, 0.5, 
-1, 0, 0.75, 
-1, 0.05, 1, 
]);
var standln = new Float32Array([
1, 0, 0, 
1, 0, 0, 
1, 0, 0, 
0, 0, -1, 
0, 0, -1, 
0, 0, -1, 
1, 0, 0, 
1, 0, 0, 
1, 0, 0, 
0, 1, -0, 
0, 1, -0, 
0, 1, -0, 
-1, 0, 0, 
-1, 0, 0, 
-1, 0, 0, 
0, 0, 1, 
0, 0, 1, 
0, 0, 1, 
0, 0, -1, 
0, 0, -1, 
0, 0, -1, 
0, 1, -0, 
0, 1, -0, 
0, 1, -0, 
0, 1, -0, 
0, 1, -0, 
0, 1, -0, 
0, 1, -0, 
0, 1, -0, 
0, 1, -0, 
-0.6904, 0, 0.7234, 
-0.6904, 0, 0.7234, 
-0.6904, 0, 0.7234, 
0, 1, -0, 
0, 1, -0, 
0, 1, -0, 
0, 0, 1, 
0, 0, 1, 
0, 0, 1, 
0, 0.7124, 0.7018, 
0, 0.7124, 0.7018, 
0, 0.7124, 0.7018, 
0.6904, 0, 0.7234, 
0.6904, 0, 0.7234, 
0.6904, 0, 0.7234, 
0, 0, -1, 
0, 0, -1, 
0, 0, -1, 
0, -0.7124, 0.7018, 
0, -0.7124, 0.7018, 
0, -0.7124, 0.7018, 
0, -1, 0, 
0, -1, 0, 
0, -1, 0, 
0, 1, -0, 
0, 1, -0, 
0, 1, -0, 
0, -1, 0, 
0, -1, 0, 
0, -1, 0, 
0.0522, 0, -0.9986, 
0.0522, 0, -0.9986, 
0.0522, 0, -0.9986, 
1, 0, 0, 
1, 0, 0, 
1, 0, 0, 
-1, 0, 0, 
-1, 0, 0, 
-1, 0, 0, 
0, -0.0555, -0.9985, 
0, -0.0555, -0.9985, 
0, -0.0555, -0.9985, 
0, -1, 0, 
0, -1, 0, 
0, -1, 0, 
0, 0.0555, -0.9985, 
0, 0.0555, -0.9985, 
0, 0.0555, -0.9985, 
-0.0522, 0, -0.9986, 
-0.0522, 0, -0.9986, 
-0.0522, 0, -0.9986, 
0, 1, -0, 
0, 1, -0, 
0, 1, -0, 
-1, 0, 0, 
-1, 0, 0, 
-1, 0, 0, 
1, 0, 0, 
1, 0, 0, 
1, 0, 0, 
-1, 0, 0, 
-1, 0, 0, 
-1, 0, 0, 
1, 0, 0, 
1, 0, 0, 
1, 0, 0, 
1, 0, 0, 
1, 0, 0, 
1, 0, 0, 
1, 0, 0, 
1, 0, 0, 
1, 0, 0, 
1, 0, 0, 
1, 0, 0, 
1, 0, 0, 
1, 0, 0, 
1, 0, 0, 
1, 0, 0, 
1, 0, 0, 
1, 0, 0, 
1, 0, 0, 
1, 0, 0, 
1, 0, 0, 
1, 0, 0, 
1, 0, 0, 
1, 0, 0, 
1, 0, 0, 
1, 0, 0, 
1, 0, 0, 
1, 0, 0, 
1, 0, 0, 
1, 0, 0, 
1, 0, 0, 
1, 0, 0, 
1, 0, 0, 
1, 0, 0, 
1, 0, 0, 
1, 0, 0, 
1, 0, 0, 
1, 0, 0, 
1, 0, 0, 
1, 0, 0, 
1, 0, 0, 
1, 0, 0, 
1, 0, 0, 
1, 0, 0, 
1, 0, 0, 
1, 0, 0, 
1, 0, 0, 
1, 0, 0, 
1, 0, 0, 
1, 0, 0, 
1, 0, 0, 
1, 0, 0, 
1, 0, 0, 
1, 0, 0, 
1, 0, 0, 
1, 0, 0, 
1, 0, 0, 
1, 0, 0, 
1, 0, 0, 
1, 0, 0, 
1, 0, 0, 
1, 0, 0, 
1, 0, 0, 
1, 0, 0, 
1, 0, 0, 
1, 0, 0, 
1, 0, 0, 
1, 0, 0, 
1, 0, 0, 
1, 0, 0, 
1, 0, 0, 
1, 0, 0, 
1, 0, 0, 
1, 0, 0, 
1, 0, 0, 
1, 0, 0, 
1, 0, 0, 
1, 0, 0, 
1, 0, 0, 
1, 0, 0, 
1, 0, 0, 
1, 0, 0, 
1, 0, 0, 
1, 0, 0, 
1, 0, 0, 
1, 0, 0, 
1, 0, 0, 
1, 0, 0, 
0, 0, -1, 
0, 0, -1, 
0, 0, -1, 
0, 0, -1, 
0, 0, -1, 
0, 0, -1, 
0, 0, -1, 
0, 0, -1, 
0, 0, -1, 
1, 0, 0, 
1, 0, 0, 
1, 0, 0, 
1, 0, 0, 
1, 0, 0, 
1, 0, 0, 
1, 0, 0, 
1, 0, 0, 
1, 0, 0, 
1, 0, 0, 
1, 0, 0, 
1, 0, 0, 
1, 0, 0, 
1, 0, 0, 
1, 0, 0, 
0, 1, -0, 
0, 1, -0, 
0, 1, -0, 
0, 1, -0, 
0, 1, -0, 
0, 1, -0, 
0, 1, -0, 
0, 1, -0, 
0, 1, -0, 
0, 1, -0, 
0, 1, -0, 
0, 1, -0, 
0, 1, -0, 
0, 1, -0, 
0, 1, -0, 
0, 1, -0, 
0, 1, -0, 
0, 1, -0, 
0, 1, -0, 
0, 1, -0, 
0, 1, -0, 
0, 1, -0, 
0, 1, -0, 
0, 1, -0, 
0, 1, -0, 
0, 1, -0, 
0, 1, -0, 
0, 1, -0, 
0, 1, -0, 
0, 1, -0, 
0, 1, -0, 
0, 1, -0, 
0, 1, -0, 
0, 1, -0, 
0, 1, -0, 
0, 1, -0, 
0, 1, -0, 
0, 1, -0, 
0, 1, -0, 
0, 1, -0, 
0, 1, -0, 
0, 1, -0, 
0, 1, -0, 
0, 1, -0, 
0, 1, -0, 
0, 1, -0, 
0, 1, -0, 
0, 1, -0, 
0, 1, -0, 
0, 1, -0, 
0, 1, -0, 
0, 1, -0, 
0, 1, -0, 
0, 1, -0, 
0, 1, -0, 
0, 1, -0, 
0, 1, -0, 
-1, 0, 0, 
-1, 0, 0, 
-1, 0, 0, 
-1, 0, 0, 
-1, 0, 0, 
-1, 0, 0, 
-1, 0, 0, 
-1, 0, 0, 
-1, 0, 0, 
-1, 0, 0, 
-1, 0, 0, 
-1, 0, 0, 
-1, 0, 0, 
-1, 0, 0, 
-1, 0, 0, 
0, 0, 1, 
0, 0, 1, 
0, 0, 1, 
0, 0, 1, 
0, 0, 1, 
0, 0, 1, 
0, 0, 1, 
0, 0, 1, 
0, 0, 1, 
0, 0, 1, 
0, 0, 1, 
0, 0, 1, 
0, 0, 1, 
0, 0, 1, 
0, 0, 1, 
0, 0, -1, 
0, 0, -1, 
0, 0, -1, 
0, 0, -1, 
0, 0, -1, 
0, 0, -1, 
0, 0, -1, 
0, 0, -1, 
0, 0, -1, 
0, 0, -1, 
0, 0, -1, 
0, 0, -1, 
0, 0, -1, 
0, 0, -1, 
0, 0, -1, 
0, 0, -1, 
0, 0, -1, 
0, 0, -1, 
0, 0, -1, 
0, 0, -1, 
0, 0, -1, 
0, 0, -1, 
0, 0, -1, 
0, 0, -1, 
0, 0, -1, 
0, 0, -1, 
0, 0, -1, 
0, 0, -1, 
0, 0, -1, 
0, 0, -1, 
0, 0, -1, 
0, 0, -1, 
0, 0, -1, 
0, 0, -1, 
0, 0, -1, 
0, 0, -1, 
0, 0, -1, 
0, 0, -1, 
0, 0, -1, 
0, 0, -1, 
0, 0, -1, 
0, 0, -1, 
0, 0, -1, 
0, 0, -1, 
0, 0, -1, 
0, 0, -1, 
0, 0, -1, 
0, 0, -1, 
0, 0, -1, 
0, 0, -1, 
0, 0, -1, 
0, 0, -1, 
0, 0, -1, 
0, 0, -1, 
0, 0, -1, 
0, 0, -1, 
0, 0, -1, 
0, 0, -1, 
0, 0, -1, 
0, 0, -1, 
0, 0, -1, 
0, 0, -1, 
0, 0, -1, 
0, 0, -1, 
0, 0, -1, 
0, 0, -1, 
0, 0, -1, 
0, 0, -1, 
0, 0, -1, 
0, 0, -1, 
0, 0, -1, 
0, 0, -1, 
0, 0, -1, 
0, 0, -1, 
0, 0, -1, 
0, 0, -1, 
0, 0, -1, 
0, 0, -1, 
0, 0, -1, 
0, 0, -1, 
0, 0, -1, 
0, 0, -1, 
0, 0, -1, 
0, 0, -1, 
0, 0, -1, 
0, 0, -1, 
0, 0, -1, 
0, 1, -0, 
0, 1, -0, 
0, 1, -0, 
0, 1, -0, 
0, 1, -0, 
0, 1, -0, 
0, 1, -0, 
0, 1, -0, 
0, 1, -0, 
0, 1, -0, 
0, 1, -0, 
0, 1, -0, 
0, 1, -0, 
0, 1, -0, 
0, 1, -0, 
0, 1, -0, 
0, 1, -0, 
0, 1, -0, 
0, 1, -0, 
0, 1, -0, 
0, 1, -0, 
0, 1, -0, 
0, 1, -0, 
0, 1, -0, 
0, 1, -0, 
0, 1, -0, 
0, 1, -0, 
0, 1, -0, 
0, 1, -0, 
0, 1, -0, 
0, 1, -0, 
0, 1, -0, 
0, 1, -0, 
0, 1, -0, 
0, 1, -0, 
0, 1, -0, 
0, 1, -0, 
0, 1, -0, 
0, 1, -0, 
0, 1, -0, 
0, 1, -0, 
0, 1, -0, 
0, 1, -0, 
0, 1, -0, 
0, 1, -0, 
0, 1, -0, 
0, 1, -0, 
0, 1, -0, 
0, 1, -0, 
0, 1, -0, 
0, 1, -0, 
0, 1, -0, 
0, 1, -0, 
0, 1, -0, 
0, 1, -0, 
0, 1, -0, 
0, 1, -0, 
0, 1, -0, 
0, 1, -0, 
0, 1, -0, 
0, 1, -0, 
0, 1, -0, 
0, 1, -0, 
0, 1, -0, 
0, 1, -0, 
0, 1, -0, 
0, 1, -0, 
0, 1, -0, 
0, 1, -0, 
0, 1, -0, 
0, 1, -0, 
0, 1, -0, 
0, 1, -0, 
0, 1, -0, 
0, 1, -0, 
0, 1, -0, 
0, 1, -0, 
0, 1, -0, 
0, 1, -0, 
0, 1, -0, 
0, 1, -0, 
0, 1, -0, 
0, 1, -0, 
0, 1, -0, 
0, 1, -0, 
0, 1, -0, 
0, 1, -0, 
0, 1, -0, 
0, 1, -0, 
0, 1, -0, 
0, 1, -0, 
0, 1, -0, 
0, 1, -0, 
0, 1, -0, 
0, 1, -0, 
0, 1, -0, 
0, 1, -0, 
0, 1, -0, 
0, 1, -0, 
-0.6904, 0, 0.7234, 
-0.6904, 0, 0.7234, 
-0.6904, 0, 0.7234, 
0, 1, -0, 
0, 1, -0, 
0, 1, -0, 
0, 1, -0, 
0, 1, -0, 
0, 1, -0, 
0, 1, -0, 
0, 1, -0, 
0, 1, -0, 
0, 1, -0, 
0, 1, -0, 
0, 1, -0, 
0, 1, -0, 
0, 1, -0, 
0, 1, -0, 
0, 0, 1, 
0, 0, 1, 
0, 0, 1, 
0, 0, 1, 
0, 0, 1, 
0, 0, 1, 
0, 0, 1, 
0, 0, 1, 
0, 0, 1, 
0, 0, 1, 
0, 0, 1, 
0, 0, 1, 
0, 0, 1, 
0, 0, 1, 
0, 0, 1, 
0, 0, 1, 
0, 0, 1, 
0, 0, 1, 
0, 0, 1, 
0, 0, 1, 
0, 0, 1, 
0, 0, 1, 
0, 0, 1, 
0, 0, 1, 
0, 0, 1, 
0, 0, 1, 
0, 0, 1, 
0, 0, 1, 
0, 0, 1, 
0, 0, 1, 
0, 0, 1, 
0, 0, 1, 
0, 0, 1, 
0, 0, 1, 
0, 0, 1, 
0, 0, 1, 
0, 0, 1, 
0, 0, 1, 
0, 0, 1, 
0, 0, 1, 
0, 0, 1, 
0, 0, 1, 
0, 0, 1, 
0, 0, 1, 
0, 0, 1, 
0, 0, 1, 
0, 0, 1, 
0, 0, 1, 
0, 0, 1, 
0, 0, 1, 
0, 0, 1, 
0, 0, 1, 
0, 0, 1, 
0, 0, 1, 
0, 0, 1, 
0, 0, 1, 
0, 0, 1, 
0, 0, 1, 
0, 0, 1, 
0, 0, 1, 
0, 0, 1, 
0, 0, 1, 
0, 0, 1, 
0, 0, 1, 
0, 0, 1, 
0, 0, 1, 
0, 0, 1, 
0, 0, 1, 
0, 0, 1, 
0, 0, 1, 
0, 0, 1, 
0, 0, 1, 
0, 0, 1, 
0, 0, 1, 
0, 0, 1, 
0, 0, 1, 
0, 0, 1, 
0, 0, 1, 
0, 0, 1, 
0, 0, 1, 
0, 0, 1, 
0, 0, 1, 
0, 0, 1, 
0, 0, 1, 
0, 0, 1, 
0, 0, 1, 
0, 0, 1, 
0, 0.7124, 0.7018, 
0, 0.7124, 0.7018, 
0, 0.7124, 0.7018, 
0, 0.7124, 0.7018, 
0, 0.7124, 0.7018, 
0, 0.7124, 0.7018, 
0, 0.7124, 0.7018, 
0, 0.7124, 0.7018, 
0, 0.7124, 0.7018, 
0.6904, 0, 0.7234, 
0.6904, 0, 0.7234, 
0.6904, 0, 0.7234, 
0, 0, -1, 
0, 0, -1, 
0, 0, -1, 
0, 0, -1, 
0, 0, -1, 
0, 0, -1, 
0, 0, -1, 
0, 0, -1, 
0, 0, -1, 
0, -0.7124, 0.7018, 
0, -0.7124, 0.7018, 
0, -0.7124, 0.7018, 
0, -0.7124, 0.7018, 
0, -0.7124, 0.7018, 
0, -0.7124, 0.7018, 
0, -0.7124, 0.7018, 
0, -0.7124, 0.7018, 
0, -0.7124, 0.7018, 
0, -1, 0, 
0, -1, 0, 
0, -1, 0, 
0, -1, 0, 
0, -1, 0, 
0, -1, 0, 
0, -1, 0, 
0, -1, 0, 
0, -1, 0, 
0, 1, -0, 
0, 1, -0, 
0, 1, -0, 
0, 1, -0, 
0, 1, -0, 
0, 1, -0, 
0, 1, -0, 
0, 1, -0, 
0, 1, -0, 
0, -1, 0, 
0, -1, 0, 
0, -1, 0, 
0, -1, 0, 
0, -1, 0, 
0, -1, 0, 
0, -1, 0, 
0, -1, 0, 
0, -1, 0, 
0.0522, 0, -0.9986, 
0.0522, 0, -0.9986, 
0.0522, 0, -0.9986, 
1, 0, 0, 
1, 0, 0, 
1, 0, 0, 
-1, 0, 0, 
-1, 0, 0, 
-1, 0, 0, 
0, -0.0555, -0.9985, 
0, -0.0555, -0.9985, 
0, -0.0555, -0.9985, 
0, -0.0555, -0.9985, 
0, -0.0555, -0.9985, 
0, -0.0555, -0.9985, 
0, -0.0555, -0.9985, 
0, -0.0555, -0.9985, 
0, -0.0555, -0.9985, 
0, -1, 0, 
0, -1, 0, 
0, -1, 0, 
0, -1, 0, 
0, -1, 0, 
0, -1, 0, 
0, -1, 0, 
0, -1, 0, 
0, -1, 0, 
0, -1, 0, 
0, -1, 0, 
0, -1, 0, 
0, -1, 0, 
0, -1, 0, 
0, -1, 0, 
0, -1, 0, 
0, -1, 0, 
0, -1, 0, 
0, -1, 0, 
0, -1, 0, 
0, -1, 0, 
0, -1, 0, 
0, -1, 0, 
0, -1, 0, 
0, -1, 0, 
0, -1, 0, 
0, -1, 0, 
0, -1, 0, 
0, -1, 0, 
0, -1, 0, 
0, -1, 0, 
0, -1, 0, 
0, -1, 0, 
0, -1, 0, 
0, -1, 0, 
0, -1, 0, 
0, -1, 0, 
0, -1, 0, 
0, -1, 0, 
0, -1, 0, 
0, -1, 0, 
0, -1, 0, 
0, -1, 0, 
0, -1, 0, 
0, -1, 0, 
0, -1, 0, 
0, -1, 0, 
0, -1, 0, 
0, -1, 0, 
0, -1, 0, 
0, -1, 0, 
0, -1, 0, 
0, -1, 0, 
0, -1, 0, 
0, -1, 0, 
0, -1, 0, 
0, -1, 0, 
0, -1, 0, 
0, -1, 0, 
0, -1, 0, 
0, -1, 0, 
0, -1, 0, 
0, -1, 0, 
0, -1, 0, 
0, -1, 0, 
0, -1, 0, 
0, -1, 0, 
0, -1, 0, 
0, -1, 0, 
0, -1, 0, 
0, -1, 0, 
0, -1, 0, 
0, -1, 0, 
0, -1, 0, 
0, -1, 0, 
0, -1, 0, 
0, -1, 0, 
0, -1, 0, 
0, -1, 0, 
0, -1, 0, 
0, -1, 0, 
0, -1, 0, 
0, -1, 0, 
0, -1, 0, 
0, -1, 0, 
0, -1, 0, 
0, -1, 0, 
0, 0.0555, -0.9985, 
0, 0.0555, -0.9985, 
0, 0.0555, -0.9985, 
0, 0.0555, -0.9985, 
0, 0.0555, -0.9985, 
0, 0.0555, -0.9985, 
0, 0.0555, -0.9985, 
0, 0.0555, -0.9985, 
0, 0.0555, -0.9985, 
-0.0522, 0, -0.9986, 
-0.0522, 0, -0.9986, 
-0.0522, 0, -0.9986, 
0, 1, -0, 
0, 1, -0, 
0, 1, -0, 
0, 1, -0, 
0, 1, -0, 
0, 1, -0, 
0, 1, -0, 
0, 1, -0, 
0, 1, -0, 
-1, 0, 0, 
-1, 0, 0, 
-1, 0, 0, 
1, 0, 0, 
1, 0, 0, 
1, 0, 0, 
-1, 0, 0, 
-1, 0, 0, 
-1, 0, 0, 
-1, 0, 0, 
-1, 0, 0, 
-1, 0, 0, 
-1, 0, 0, 
-1, 0, 0, 
-1, 0, 0, 
-1, 0, 0, 
-1, 0, 0, 
-1, 0, 0, 
-1, 0, 0, 
-1, 0, 0, 
-1, 0, 0, 
-1, 0, 0, 
-1, 0, 0, 
-1, 0, 0, 
-1, 0, 0, 
-1, 0, 0, 
-1, 0, 0, 
-1, 0, 0, 
-1, 0, 0, 
-1, 0, 0, 
-1, 0, 0, 
-1, 0, 0, 
-1, 0, 0, 
-1, 0, 0, 
-1, 0, 0, 
-1, 0, 0, 
-1, 0, 0, 
-1, 0, 0, 
-1, 0, 0, 
-1, 0, 0, 
-1, 0, 0, 
-1, 0, 0, 
-1, 0, 0, 
-1, 0, 0, 
-1, 0, 0, 
-1, 0, 0, 
-1, 0, 0, 
-1, 0, 0, 
-1, 0, 0, 
-1, 0, 0, 
-1, 0, 0, 
-1, 0, 0, 
-1, 0, 0, 
-1, 0, 0, 
-1, 0, 0, 
-1, 0, 0, 
-1, 0, 0, 
-1, 0, 0, 
-1, 0, 0, 
-1, 0, 0, 
-1, 0, 0, 
-1, 0, 0, 
-1, 0, 0, 
-1, 0, 0, 
-1, 0, 0, 
-1, 0, 0, 
-1, 0, 0, 
-1, 0, 0, 
-1, 0, 0, 
-1, 0, 0, 
-1, 0, 0, 
-1, 0, 0, 
-1, 0, 0, 
-1, 0, 0, 
-1, 0, 0, 
-1, 0, 0, 
-1, 0, 0, 
-1, 0, 0, 
-1, 0, 0, 
-1, 0, 0, 
-1, 0, 0, 
-1, 0, 0, 
-1, 0, 0, 
-1, 0, 0, 
-1, 0, 0, 
-1, 0, 0, 
-1, 0, 0, 
-1, 0, 0, 
-1, 0, 0, 
-1, 0, 0, 
-1, 0, 0, 
-1, 0, 0, 
-1, 0, 0, 
]);
var standlu = new Float32Array([
0.200284, 0.137525, 
0.231534, 0.106275, 
0.262784, 0.106275, 
0.153979, 0.065888, 
0.153979, 0.387818, 
0.13403, 0.065888, 
0.144122, 0.082228, 
0.160689, 0.047197, 
0.177256, 0.082228, 
0.379749, 0.056066, 
0.47909, 0.006395, 
0.528761, 0.056066, 
0.09358, 0.056841, 
0.113934, 0.013633, 
0.134289, 0.056841, 
0.128021, 0.079084, 
0.150846, 0.039885, 
0.173671, 0.079084, 
0.205206, 0.106534, 
0.236456, 0.075284, 
0.267706, 0.075284, 
0.131395, 0.056066, 
0.181066, 0.006395, 
0.280407, 0.056066, 
0.379749, 0.105737, 
0.330078, 0.155407, 
0.280407, 0.105737, 
0.330078, 0.403761, 
0.330078, 0.254749, 
0.379749, 0.30442, 
0.155596, 0.285512, 
0.387421, 0.060118, 
0.387421, 0.423117, 
0.325284, 0.407241, 
0.157199, 0.239157, 
0.325284, 0.071073, 
0.229814, 0.104535, 
0.261064, 0.073285, 
0.292314, 0.073285, 
0.287265, 0.398202, 
0.287264, 0.060425, 
0.326795, 0.398202, 
0.209166, 0.167287, 
0.422439, 0.422607, 
0.209166, 0.266733, 
0.823437, 0.350613, 
0.706209, 0.112937, 
0.823438, 0.112937, 
0.370235, 0.048896, 
0.476044, 0.37528, 
0.33648, 0.37528, 
0.333369, 0.408038, 
0.333248, 0.411019, 
0.22044, 0.402005, 
0.344216, 0.045214, 
0.216043, 0.04385, 
0.343948, 0.042845, 
0.296579, 0.423471, 
0.172122, 0.403909, 
0.297091, 0.409488, 
0.149104, 0.020778, 
0.197875, 0.372807, 
0.149104, 0.428006, 
0.22044, 0.402005, 
0.216043, 0.04385, 
0.227289, 0.046128, 
0.459359, 0.044865, 
0.468203, 0.401139, 
0.456702, 0.39929, 
0.328838, 0.020776, 
0.459801, 0.075978, 
0.328839, 0.075978, 
0.206206, 0.147368, 
0.237456, 0.116118, 
0.268706, 0.116118, 
0.328838, 0.428008, 
0.197875, 0.372807, 
0.328837, 0.372807, 
0.508572, 0.428006, 
0.459801, 0.075978, 
0.508572, 0.020778, 
0.317049, 0.045, 
0.315462, 0.056796, 
0.139874, 0.047265, 
0.139874, 0.047265, 
0.172122, 0.403909, 
0.134122, 0.409972, 
0.473186, 0.411098, 
0.43786, 0.056748, 
0.473186, 0.050098, 
0.375, 0.03125, 
0.40625, 0, 
0.4375, 0, 
0.450284, 0.325025, 
0.450284, 0.356275, 
0.419034, 0.356275, 
0.450284, 0.325025, 
0.419034, 0.356275, 
0.387784, 0.356275, 
0.450284, 0.293775, 
0.450284, 0.325025, 
0.387784, 0.356275, 
0.450284, 0.293775, 
0.387784, 0.356275, 
0.356534, 0.356275, 
0.450284, 0.262525, 
0.450284, 0.293775, 
0.356534, 0.356275, 
0.450284, 0.262525, 
0.356534, 0.356275, 
0.325284, 0.356275, 
0.450284, 0.231275, 
0.450284, 0.262525, 
0.325284, 0.356275, 
0.450284, 0.231275, 
0.325284, 0.356275, 
0.325284, 0.106275, 
0.325284, 0.356275, 
0.294034, 0.356275, 
0.200284, 0.231275, 
0.325284, 0.106275, 
0.325284, 0.356275, 
0.200284, 0.231275, 
0.450284, 0.200025, 
0.450284, 0.231275, 
0.356534, 0.106275, 
0.356534, 0.106275, 
0.450284, 0.231275, 
0.325284, 0.106275, 
0.294034, 0.356275, 
0.262784, 0.356275, 
0.200284, 0.262525, 
0.450284, 0.168775, 
0.450284, 0.200025, 
0.356534, 0.106275, 
0.231534, 0.356275, 
0.200284, 0.356275, 
0.200284, 0.325025, 
0.262784, 0.356275, 
0.231534, 0.356275, 
0.200284, 0.293775, 
0.419034, 0.106275, 
0.450284, 0.106275, 
0.450284, 0.137525, 
0.450284, 0.137525, 
0.450284, 0.168775, 
0.419034, 0.106275, 
0.419034, 0.106275, 
0.450284, 0.168775, 
0.387784, 0.106275, 
0.231534, 0.356275, 
0.200284, 0.325025, 
0.200284, 0.293775, 
0.200284, 0.293775, 
0.200284, 0.262525, 
0.262784, 0.356275, 
0.387784, 0.106275, 
0.450284, 0.168775, 
0.356534, 0.106275, 
0.200284, 0.262525, 
0.200284, 0.231275, 
0.294034, 0.356275, 
0.200284, 0.231275, 
0.200284, 0.200025, 
0.294034, 0.106275, 
0.200284, 0.231275, 
0.294034, 0.106275, 
0.325284, 0.106275, 
0.200284, 0.200025, 
0.200284, 0.168775, 
0.262784, 0.106275, 
0.200284, 0.137525, 
0.200284, 0.106275, 
0.231534, 0.106275, 
0.200284, 0.200025, 
0.262784, 0.106275, 
0.294034, 0.106275, 
0.200284, 0.168775, 
0.200284, 0.137525, 
0.262784, 0.106275, 
0.153979, 0.065888, 
0.173928, 0.065888, 
0.173928, 0.387818, 
0.153979, 0.387818, 
0.13403, 0.387818, 
0.13403, 0.065888, 
0.153979, 0.065888, 
0.173928, 0.387818, 
0.153979, 0.387818, 
0.160689, 0.376979, 
0.144123, 0.376979, 
0.144122, 0.082228, 
0.144122, 0.082228, 
0.144123, 0.047197, 
0.160689, 0.047197, 
0.160689, 0.047197, 
0.177256, 0.047197, 
0.177256, 0.082228, 
0.177256, 0.082228, 
0.177256, 0.376979, 
0.160689, 0.376979, 
0.160689, 0.376979, 
0.144122, 0.082228, 
0.177256, 0.082228, 
0.528761, 0.35409, 
0.528761, 0.403761, 
0.47909, 0.403761, 
0.42942, 0.403761, 
0.379749, 0.403761, 
0.379749, 0.35409, 
0.528761, 0.35409, 
0.47909, 0.403761, 
0.42942, 0.403761, 
0.528761, 0.30442, 
0.528761, 0.35409, 
0.42942, 0.403761, 
0.42942, 0.403761, 
0.379749, 0.35409, 
0.379749, 0.30442, 
0.42942, 0.403761, 
0.379749, 0.30442, 
0.528761, 0.30442, 
0.379749, 0.30442, 
0.379749, 0.254749, 
0.528761, 0.254749, 
0.528761, 0.254749, 
0.528761, 0.30442, 
0.379749, 0.30442, 
0.528761, 0.205078, 
0.528761, 0.254749, 
0.379749, 0.254749, 
0.379749, 0.254749, 
0.379749, 0.205078, 
0.528761, 0.205078, 
0.379749, 0.205078, 
0.379749, 0.155407, 
0.528761, 0.155407, 
0.528761, 0.155407, 
0.528761, 0.205078, 
0.379749, 0.205078, 
0.528761, 0.105737, 
0.528761, 0.155407, 
0.379749, 0.155407, 
0.379749, 0.155407, 
0.379749, 0.105737, 
0.528761, 0.105737, 
0.379749, 0.056066, 
0.379749, 0.006395, 
0.42942, 0.006395, 
0.379749, 0.105737, 
0.379749, 0.056066, 
0.528761, 0.056066, 
0.528761, 0.056066, 
0.528761, 0.105737, 
0.379749, 0.105737, 
0.47909, 0.006395, 
0.528761, 0.006395, 
0.528761, 0.056066, 
0.379749, 0.056066, 
0.42942, 0.006395, 
0.47909, 0.006395, 
0.113935, 0.420387, 
0.09358, 0.420387, 
0.09358, 0.056841, 
0.09358, 0.056841, 
0.09358, 0.013633, 
0.113934, 0.013633, 
0.113934, 0.013633, 
0.134289, 0.013633, 
0.134289, 0.056841, 
0.134289, 0.056841, 
0.134289, 0.420387, 
0.113935, 0.420387, 
0.113935, 0.420387, 
0.09358, 0.056841, 
0.134289, 0.056841, 
0.150846, 0.408899, 
0.128021, 0.408899, 
0.128021, 0.079084, 
0.128021, 0.079084, 
0.128021, 0.039885, 
0.150846, 0.039885, 
0.150846, 0.039885, 
0.173671, 0.039885, 
0.173671, 0.079084, 
0.173671, 0.079084, 
0.173671, 0.408899, 
0.150846, 0.408899, 
0.150846, 0.408899, 
0.128021, 0.079084, 
0.173671, 0.079084, 
0.455206, 0.294034, 
0.455206, 0.325284, 
0.423956, 0.325284, 
0.455206, 0.294034, 
0.423956, 0.325284, 
0.392706, 0.325284, 
0.455206, 0.262784, 
0.455206, 0.294034, 
0.392706, 0.325284, 
0.455206, 0.262784, 
0.392706, 0.325284, 
0.361456, 0.325284, 
0.455206, 0.231534, 
0.455206, 0.262784, 
0.361456, 0.325284, 
0.455206, 0.231534, 
0.361456, 0.325284, 
0.330206, 0.325284, 
0.455206, 0.200284, 
0.455206, 0.231534, 
0.330206, 0.325284, 
0.455206, 0.200284, 
0.330206, 0.325284, 
0.330206, 0.075284, 
0.330206, 0.325284, 
0.298956, 0.325284, 
0.205206, 0.200284, 
0.330206, 0.075284, 
0.330206, 0.325284, 
0.205206, 0.200284, 
0.455206, 0.169034, 
0.455206, 0.200284, 
0.361456, 0.075284, 
0.361456, 0.075284, 
0.455206, 0.200284, 
0.330206, 0.075284, 
0.298956, 0.325284, 
0.267706, 0.325284, 
0.205206, 0.231534, 
0.455206, 0.137784, 
0.455206, 0.169034, 
0.361456, 0.075284, 
0.236456, 0.325284, 
0.205206, 0.325284, 
0.205206, 0.294034, 
0.267706, 0.325284, 
0.236456, 0.325284, 
0.205206, 0.262784, 
0.423956, 0.075284, 
0.455206, 0.075284, 
0.455206, 0.106534, 
0.455206, 0.106534, 
0.455206, 0.137784, 
0.423956, 0.075284, 
0.423956, 0.075284, 
0.455206, 0.137784, 
0.392706, 0.075284, 
0.236456, 0.325284, 
0.205206, 0.294034, 
0.205206, 0.262784, 
0.205206, 0.262784, 
0.205206, 0.231534, 
0.267706, 0.325284, 
0.392706, 0.075284, 
0.455206, 0.137784, 
0.361456, 0.075284, 
0.205206, 0.231534, 
0.205206, 0.200284, 
0.298956, 0.325284, 
0.205206, 0.200284, 
0.205206, 0.169034, 
0.298956, 0.075284, 
0.205206, 0.200284, 
0.298956, 0.075284, 
0.330206, 0.075284, 
0.205206, 0.169034, 
0.205206, 0.137784, 
0.267706, 0.075284, 
0.205206, 0.106534, 
0.205206, 0.075284, 
0.236456, 0.075284, 
0.205206, 0.169034, 
0.267706, 0.075284, 
0.298956, 0.075284, 
0.205206, 0.137784, 
0.205206, 0.106534, 
0.267706, 0.075284, 
0.280407, 0.205078, 
0.280407, 0.254749, 
0.230737, 0.254749, 
0.181066, 0.254749, 
0.131395, 0.254749, 
0.131395, 0.205078, 
0.280407, 0.205078, 
0.230737, 0.254749, 
0.181066, 0.254749, 
0.280407, 0.155407, 
0.280407, 0.205078, 
0.181066, 0.254749, 
0.181066, 0.254749, 
0.131395, 0.205078, 
0.131395, 0.155407, 
0.181066, 0.254749, 
0.131395, 0.155407, 
0.280407, 0.155407, 
0.131395, 0.155407, 
0.131395, 0.105737, 
0.280407, 0.105737, 
0.280407, 0.105737, 
0.280407, 0.155407, 
0.131395, 0.155407, 
0.230737, 0.006395, 
0.280407, 0.006395, 
0.280407, 0.056066, 
0.280407, 0.056066, 
0.280407, 0.105737, 
0.131395, 0.105737, 
0.131395, 0.105737, 
0.131395, 0.056066, 
0.280407, 0.056066, 
0.131395, 0.056066, 
0.131395, 0.006395, 
0.181066, 0.006395, 
0.181066, 0.006395, 
0.230737, 0.006395, 
0.280407, 0.056066, 
0.280407, 0.056066, 
0.280407, 0.006395, 
0.330078, 0.006395, 
0.330078, 0.006395, 
0.379749, 0.006395, 
0.379749, 0.056066, 
0.379749, 0.105737, 
0.379749, 0.155407, 
0.330078, 0.155407, 
0.330078, 0.006395, 
0.379749, 0.056066, 
0.280407, 0.056066, 
0.379749, 0.056066, 
0.379749, 0.105737, 
0.280407, 0.105737, 
0.280407, 0.105737, 
0.280407, 0.056066, 
0.379749, 0.056066, 
0.330078, 0.155407, 
0.280407, 0.155407, 
0.280407, 0.105737, 
0.181066, 0.403761, 
0.131395, 0.403761, 
0.131395, 0.35409, 
0.131395, 0.30442, 
0.131395, 0.254749, 
0.181066, 0.254749, 
0.181066, 0.403761, 
0.131395, 0.35409, 
0.131395, 0.30442, 
0.230737, 0.403761, 
0.181066, 0.403761, 
0.131395, 0.30442, 
0.131395, 0.30442, 
0.181066, 0.254749, 
0.230737, 0.254749, 
0.131395, 0.30442, 
0.230737, 0.254749, 
0.230737, 0.403761, 
0.230737, 0.254749, 
0.280407, 0.254749, 
0.280407, 0.403761, 
0.280407, 0.403761, 
0.230737, 0.403761, 
0.230737, 0.254749, 
0.379749, 0.35409, 
0.379749, 0.403761, 
0.330078, 0.403761, 
0.330078, 0.403761, 
0.280407, 0.403761, 
0.280407, 0.254749, 
0.280407, 0.254749, 
0.330078, 0.254749, 
0.330078, 0.403761, 
0.330078, 0.254749, 
0.379749, 0.254749, 
0.379749, 0.30442, 
0.379749, 0.30442, 
0.379749, 0.35409, 
0.330078, 0.403761, 
0.155596, 0.285512, 
0.155596, 0.197723, 
0.387421, 0.060118, 
0.325284, 0.071073, 
0.493368, 0.071073, 
0.493368, 0.239157, 
0.493368, 0.239157, 
0.493368, 0.407241, 
0.325284, 0.407241, 
0.325284, 0.407241, 
0.157199, 0.407241, 
0.157199, 0.239157, 
0.157199, 0.239157, 
0.157199, 0.071073, 
0.325284, 0.071073, 
0.325284, 0.071073, 
0.493368, 0.239157, 
0.325284, 0.407241, 
0.479814, 0.292035, 
0.479814, 0.323285, 
0.448564, 0.323285, 
0.479814, 0.292035, 
0.448564, 0.323285, 
0.417314, 0.323285, 
0.479814, 0.260785, 
0.479814, 0.292035, 
0.417314, 0.323285, 
0.479814, 0.260785, 
0.417314, 0.323285, 
0.386064, 0.323285, 
0.479814, 0.229535, 
0.479814, 0.260785, 
0.386064, 0.323285, 
0.479814, 0.229535, 
0.386064, 0.323285, 
0.354814, 0.323285, 
0.479814, 0.198285, 
0.479814, 0.229535, 
0.354814, 0.323285, 
0.479814, 0.198285, 
0.354814, 0.323285, 
0.354814, 0.073285, 
0.354814, 0.323285, 
0.323564, 0.323285, 
0.229814, 0.198285, 
0.354814, 0.073285, 
0.354814, 0.323285, 
0.229814, 0.198285, 
0.479814, 0.167035, 
0.479814, 0.198285, 
0.386064, 0.073285, 
0.386064, 0.073285, 
0.479814, 0.198285, 
0.354814, 0.073285, 
0.323564, 0.323285, 
0.292314, 0.323285, 
0.229814, 0.229535, 
0.479814, 0.135785, 
0.479814, 0.167035, 
0.386064, 0.073285, 
0.261064, 0.323285, 
0.229814, 0.323285, 
0.229814, 0.292035, 
0.292314, 0.323285, 
0.261064, 0.323285, 
0.229814, 0.260785, 
0.448564, 0.073285, 
0.479814, 0.073285, 
0.479814, 0.104535, 
0.479814, 0.104535, 
0.479814, 0.135785, 
0.448564, 0.073285, 
0.448564, 0.073285, 
0.479814, 0.135785, 
0.417314, 0.073285, 
0.261064, 0.323285, 
0.229814, 0.292035, 
0.229814, 0.260785, 
0.229814, 0.260785, 
0.229814, 0.229535, 
0.292314, 0.323285, 
0.417314, 0.073285, 
0.479814, 0.135785, 
0.386064, 0.073285, 
0.229814, 0.229535, 
0.229814, 0.198285, 
0.323564, 0.323285, 
0.229814, 0.198285, 
0.229814, 0.167035, 
0.323564, 0.073285, 
0.229814, 0.198285, 
0.323564, 0.073285, 
0.354814, 0.073285, 
0.229814, 0.167035, 
0.229814, 0.135785, 
0.292314, 0.073285, 
0.229814, 0.104535, 
0.229814, 0.073285, 
0.261064, 0.073285, 
0.229814, 0.167035, 
0.292314, 0.073285, 
0.323564, 0.073285, 
0.229814, 0.135785, 
0.229814, 0.104535, 
0.292314, 0.073285, 
0.287265, 0.398202, 
0.247734, 0.398202, 
0.287264, 0.060425, 
0.247734, 0.398202, 
0.123813, 0.060425, 
0.287264, 0.060425, 
0.287264, 0.060425, 
0.450716, 0.060425, 
0.326795, 0.398202, 
0.209166, 0.167287, 
0.422439, 0.011412, 
0.422439, 0.422607, 
0.940666, 0.112937, 
0.940666, 0.350613, 
0.823437, 0.350613, 
0.823437, 0.350613, 
0.706209, 0.350613, 
0.706209, 0.112937, 
0.823438, 0.112937, 
0.940666, 0.112937, 
0.823437, 0.350613, 
0.196915, 0.37528, 
0.302729, 0.048896, 
0.33648, 0.37528, 
0.302729, 0.048896, 
0.336482, 0.048896, 
0.33648, 0.37528, 
0.336482, 0.048896, 
0.370235, 0.048896, 
0.33648, 0.37528, 
0.333369, 0.408038, 
0.456702, 0.39929, 
0.468203, 0.401139, 
0.333248, 0.411019, 
0.211406, 0.4036, 
0.22044, 0.402005, 
0.333369, 0.408038, 
0.468203, 0.401139, 
0.333248, 0.411019, 
0.468203, 0.042687, 
0.459359, 0.044865, 
0.344216, 0.045214, 
0.344216, 0.045214, 
0.227289, 0.046128, 
0.216043, 0.04385, 
0.343948, 0.042845, 
0.468203, 0.042687, 
0.344216, 0.045214, 
0.426532, 0.404143, 
0.473186, 0.411098, 
0.296579, 0.423471, 
0.296579, 0.423471, 
0.134122, 0.409972, 
0.172122, 0.403909, 
0.297091, 0.409488, 
0.426532, 0.404143, 
0.296579, 0.423471, 
0.149104, 0.020778, 
0.197876, 0.075978, 
0.197875, 0.372807, 
0.22044, 0.402005, 
0.211406, 0.4036, 
0.216043, 0.04385, 
0.459359, 0.044865, 
0.468203, 0.042687, 
0.468203, 0.401139, 
0.197876, 0.075978, 
0.149104, 0.020778, 
0.328838, 0.020776, 
0.328838, 0.020776, 
0.508572, 0.020778, 
0.459801, 0.075978, 
0.328839, 0.075978, 
0.197876, 0.075978, 
0.328838, 0.020776, 
0.456206, 0.334868, 
0.456206, 0.366118, 
0.424956, 0.366118, 
0.456206, 0.334868, 
0.424956, 0.366118, 
0.393706, 0.366118, 
0.456206, 0.303618, 
0.456206, 0.334868, 
0.393706, 0.366118, 
0.456206, 0.303618, 
0.393706, 0.366118, 
0.362456, 0.366118, 
0.456206, 0.272368, 
0.456206, 0.303618, 
0.362456, 0.366118, 
0.456206, 0.272368, 
0.362456, 0.366118, 
0.331206, 0.366118, 
0.456206, 0.241118, 
0.456206, 0.272368, 
0.331206, 0.366118, 
0.456206, 0.241118, 
0.331206, 0.366118, 
0.331206, 0.116118, 
0.331206, 0.366118, 
0.299956, 0.366118, 
0.206206, 0.241118, 
0.331206, 0.116118, 
0.331206, 0.366118, 
0.206206, 0.241118, 
0.456206, 0.209868, 
0.456206, 0.241118, 
0.362456, 0.116118, 
0.362456, 0.116118, 
0.456206, 0.241118, 
0.331206, 0.116118, 
0.299956, 0.366118, 
0.268706, 0.366118, 
0.206206, 0.272368, 
0.456206, 0.178618, 
0.456206, 0.209868, 
0.362456, 0.116118, 
0.237456, 0.366118, 
0.206206, 0.366118, 
0.206206, 0.334868, 
0.268706, 0.366118, 
0.237456, 0.366118, 
0.206206, 0.303618, 
0.424956, 0.116118, 
0.456206, 0.116118, 
0.456206, 0.147368, 
0.456206, 0.147368, 
0.456206, 0.178618, 
0.424956, 0.116118, 
0.424956, 0.116118, 
0.456206, 0.178618, 
0.393706, 0.116118, 
0.237456, 0.366118, 
0.206206, 0.334868, 
0.206206, 0.303618, 
0.206206, 0.303618, 
0.206206, 0.272368, 
0.268706, 0.366118, 
0.393706, 0.116118, 
0.456206, 0.178618, 
0.362456, 0.116118, 
0.206206, 0.272368, 
0.206206, 0.241118, 
0.299956, 0.366118, 
0.206206, 0.241118, 
0.206206, 0.209868, 
0.299956, 0.116118, 
0.206206, 0.241118, 
0.299956, 0.116118, 
0.331206, 0.116118, 
0.206206, 0.209868, 
0.206206, 0.178618, 
0.268706, 0.116118, 
0.206206, 0.147368, 
0.206206, 0.116118, 
0.237456, 0.116118, 
0.206206, 0.209868, 
0.268706, 0.116118, 
0.299956, 0.116118, 
0.206206, 0.178618, 
0.206206, 0.147368, 
0.268706, 0.116118, 
0.328838, 0.428008, 
0.149104, 0.428006, 
0.197875, 0.372807, 
0.328837, 0.372807, 
0.4598, 0.372807, 
0.328838, 0.428008, 
0.4598, 0.372807, 
0.508572, 0.428006, 
0.328838, 0.428008, 
0.508572, 0.428006, 
0.4598, 0.372807, 
0.459801, 0.075978, 
0.317049, 0.045, 
0.473186, 0.050098, 
0.43786, 0.056748, 
0.315462, 0.056796, 
0.18666, 0.057413, 
0.139874, 0.047265, 
0.317049, 0.045, 
0.43786, 0.056748, 
0.315462, 0.056796, 
0.139874, 0.047265, 
0.18666, 0.057413, 
0.172122, 0.403909, 
0.473186, 0.411098, 
0.426532, 0.404143, 
0.43786, 0.056748, 
0.625, 0.21875, 
0.625, 0.25, 
0.59375, 0.25, 
0.625, 0.21875, 
0.59375, 0.25, 
0.5625, 0.25, 
0.625, 0.1875, 
0.625, 0.21875, 
0.5625, 0.25, 
0.625, 0.1875, 
0.5625, 0.25, 
0.53125, 0.25, 
0.625, 0.15625, 
0.625, 0.1875, 
0.53125, 0.25, 
0.625, 0.15625, 
0.53125, 0.25, 
0.5, 0.25, 
0.625, 0.125, 
0.625, 0.15625, 
0.5, 0.25, 
0.625, 0.125, 
0.5, 0.25, 
0.5, 0, 
0.5, 0.25, 
0.46875, 0.25, 
0.375, 0.125, 
0.5, 0, 
0.5, 0.25, 
0.375, 0.125, 
0.625, 0.09375, 
0.625, 0.125, 
0.53125, 0, 
0.53125, 0, 
0.625, 0.125, 
0.5, 0, 
0.46875, 0.25, 
0.4375, 0.25, 
0.375, 0.15625, 
0.625, 0.0625, 
0.625, 0.09375, 
0.53125, 0, 
0.40625, 0.25, 
0.375, 0.25, 
0.375, 0.21875, 
0.4375, 0.25, 
0.40625, 0.25, 
0.375, 0.1875, 
0.59375, 0, 
0.625, 0, 
0.625, 0.03125, 
0.625, 0.03125, 
0.625, 0.0625, 
0.59375, 0, 
0.59375, 0, 
0.625, 0.0625, 
0.5625, 0, 
0.40625, 0.25, 
0.375, 0.21875, 
0.375, 0.1875, 
0.375, 0.1875, 
0.375, 0.15625, 
0.4375, 0.25, 
0.5625, 0, 
0.625, 0.0625, 
0.53125, 0, 
0.375, 0.15625, 
0.375, 0.125, 
0.46875, 0.25, 
0.375, 0.125, 
0.375, 0.09375, 
0.46875, 0, 
0.375, 0.125, 
0.46875, 0, 
0.5, 0, 
0.375, 0.09375, 
0.375, 0.0625, 
0.4375, 0, 
0.375, 0.03125, 
0.375, 0, 
0.40625, 0, 
0.375, 0.09375, 
0.4375, 0, 
0.46875, 0, 
0.375, 0.0625, 
0.375, 0.03125, 
0.4375, 0, 
]);
