var tesakv = new Float32Array([
0.57392, -0.496079, -1.03176, 
0.587378, -0.469497, -1.08562, 
0.585703, -0.496802, -1.03176, 
0.595334, -0.497393, -0.959666, 
0.53979, -0.894737, -0.959666, 
0.570836, -0.896642, -0.959666, 
0.53979, -0.894737, -0.959666, 
0.57392, -0.496079, -1.03176, 
0.541076, -0.963452, -1.03176, 
0.561157, -0.964684, -1.03176, 
0.53979, -0.894737, -0.959666, 
0.541076, -0.963452, -1.03176, 
0.585703, -0.496802, -1.03176, 
0.570836, -0.896642, -0.959666, 
0.561157, -0.964684, -1.03176, 
0.57392, -0.496079, -1.03176, 
0.561157, -0.964684, -1.03176, 
0.541076, -0.963452, -1.03176, 
0.565964, -0.468183, -0.959666, 
0.611719, 0.119923, -1.08562, 
0.575595, -0.468774, -1.08562, 
0.595334, -0.497393, -0.959666, 
0.565964, -0.468183, -0.959666, 
0.564288, -0.495488, -0.959666, 
0.57392, -0.496079, -1.03176, 
0.565964, -0.468183, -0.959666, 
0.575595, -0.468774, -1.08562, 
0.585703, -0.496802, -1.03176, 
0.59701, -0.470088, -0.959666, 
0.595334, -0.497393, -0.959666, 
0.611719, 0.119923, -1.08562, 
0.623518, 0.151954, -1.06439, 
0.623502, 0.1192, -1.08562, 
0.59701, -0.470088, -0.959666, 
0.602087, 0.120515, -0.959666, 
0.565964, -0.468183, -0.959666, 
0.575595, -0.468774, -1.08562, 
0.623502, 0.1192, -1.08562, 
0.587378, -0.469497, -1.08562, 
0.587378, -0.469497, -1.08562, 
0.633133, 0.118609, -0.959666, 
0.59701, -0.470088, -0.959666, 
0.615707, 0.152433, -1.06439, 
0.629903, 0.151562, -0.980896, 
0.623518, 0.151954, -1.06439, 
0.623502, 0.1192, -1.08562, 
0.629903, 0.151562, -0.980896, 
0.633133, 0.118609, -0.959666, 
0.611719, 0.119923, -1.08562, 
0.609323, 0.152825, -0.980896, 
0.615707, 0.152433, -1.06439, 
0.633133, 0.118609, -0.959666, 
0.609323, 0.152825, -0.980896, 
0.602087, 0.120515, -0.959666, 
0.57392, -0.496079, -1.03176, 
0.575595, -0.468774, -1.08562, 
0.587378, -0.469497, -1.08562, 
0.595334, -0.497393, -0.959666, 
0.564288, -0.495488, -0.959666, 
0.53979, -0.894737, -0.959666, 
0.53979, -0.894737, -0.959666, 
0.564288, -0.495488, -0.959666, 
0.57392, -0.496079, -1.03176, 
0.561157, -0.964684, -1.03176, 
0.570836, -0.896642, -0.959666, 
0.53979, -0.894737, -0.959666, 
0.585703, -0.496802, -1.03176, 
0.595334, -0.497393, -0.959666, 
0.570836, -0.896642, -0.959666, 
0.57392, -0.496079, -1.03176, 
0.585703, -0.496802, -1.03176, 
0.561157, -0.964684, -1.03176, 
0.565964, -0.468183, -0.959666, 
0.602087, 0.120515, -0.959666, 
0.611719, 0.119923, -1.08562, 
0.595334, -0.497393, -0.959666, 
0.59701, -0.470088, -0.959666, 
0.565964, -0.468183, -0.959666, 
0.57392, -0.496079, -1.03176, 
0.564288, -0.495488, -0.959666, 
0.565964, -0.468183, -0.959666, 
0.585703, -0.496802, -1.03176, 
0.587378, -0.469497, -1.08562, 
0.59701, -0.470088, -0.959666, 
0.611719, 0.119923, -1.08562, 
0.615707, 0.152433, -1.06439, 
0.623518, 0.151954, -1.06439, 
0.59701, -0.470088, -0.959666, 
0.633133, 0.118609, -0.959666, 
0.602087, 0.120515, -0.959666, 
0.575595, -0.468774, -1.08562, 
0.611719, 0.119923, -1.08562, 
0.623502, 0.1192, -1.08562, 
0.587378, -0.469497, -1.08562, 
0.623502, 0.1192, -1.08562, 
0.633133, 0.118609, -0.959666, 
0.615707, 0.152433, -1.06439, 
0.609323, 0.152825, -0.980896, 
0.629903, 0.151562, -0.980896, 
0.623502, 0.1192, -1.08562, 
0.623518, 0.151954, -1.06439, 
0.629903, 0.151562, -0.980896, 
0.611719, 0.119923, -1.08562, 
0.602087, 0.120515, -0.959666, 
0.609323, 0.152825, -0.980896, 
0.633133, 0.118609, -0.959666, 
0.629903, 0.151562, -0.980896, 
0.609323, 0.152825, -0.980896, 
]);
var tesakn = new Float32Array([
-0.0546, -0.8899, -0.4528, 
-0.0546, -0.8899, -0.4528, 
-0.0546, -0.8899, -0.4528, 
0, 0, 1, 
0, 0, 1, 
0, 0, 1, 
-0.994, 0.0698, -0.0843, 
-0.994, 0.0698, -0.0843, 
-0.994, 0.0698, -0.0843, 
-0.0444, -0.7235, 0.6889, 
-0.0444, -0.7235, 0.6889, 
-0.0444, -0.7235, 0.6889, 
0.9951, -0.0522, -0.0843, 
0.9951, -0.0522, -0.0843, 
0.9951, -0.0522, -0.0843, 
-0, 0, -1, 
-0, 0, -1, 
-0, 0, -1, 
-0.9952, 0.0611, -0.0764, 
-0.9952, 0.0611, -0.0764, 
-0.9952, 0.0611, -0.0764, 
0, 0, 1, 
0, 0, 1, 
0, 0, 1, 
-0.9932, -0.0881, -0.0755, 
-0.9932, -0.0881, -0.0755, 
-0.9932, -0.0881, -0.0755, 
0.9893, -0.0607, -0.1327, 
0.9893, -0.0607, -0.1327, 
0.9893, -0.0607, -0.1327, 
0.0334, 0.5436, -0.8387, 
0.0334, 0.5436, -0.8387, 
0.0334, 0.5436, -0.8387, 
0, 0, 1, 
0, 0, 1, 
0, 0, 1, 
-0, 0, -1, 
-0, 0, -1, 
-0, 0, -1, 
0.9952, -0.0611, -0.0764, 
0.9952, -0.0611, -0.0764, 
0.9952, -0.0611, -0.0764, 
0.0613, 0.9981, -0, 
0.0613, 0.9981, -0, 
0.0613, 0.9981, -0, 
0.9959, 0.0487, -0.0759, 
0.9959, 0.0487, -0.0759, 
0.9959, 0.0487, -0.0759, 
-0.9825, 0.1701, -0.0759, 
-0.9825, 0.1701, -0.0759, 
-0.9825, 0.1701, -0.0759, 
0.0334, 0.5436, 0.8387, 
0.0334, 0.5436, 0.8387, 
0.0334, 0.5436, 0.8387, 
-0.0546, -0.8899, -0.4528, 
-0.0546, -0.8899, -0.4528, 
-0.0546, -0.8899, -0.4528, 
0, 0, 1, 
0, 0, 1, 
0, 0, 1, 
-0.9893, 0.0607, -0.1327, 
-0.9893, 0.0607, -0.1327, 
-0.9893, 0.0607, -0.1327, 
-0.0444, -0.7235, 0.6889, 
-0.0444, -0.7235, 0.6889, 
-0.0444, -0.7235, 0.6889, 
0.9893, -0.0607, -0.1327, 
0.9893, -0.0607, -0.1327, 
0.9893, -0.0607, -0.1327, 
-0, 0, -1, 
-0, 0, -1, 
-0, 0, -1, 
-0.9952, 0.0611, -0.0764, 
-0.9952, 0.0611, -0.0764, 
-0.9952, 0.0611, -0.0764, 
0, 0, 1, 
0, 0, 1, 
0, 0, 1, 
-0.9893, 0.0607, -0.1327, 
-0.9893, 0.0607, -0.1327, 
-0.9893, 0.0607, -0.1327, 
0.975, -0.2088, -0.0755, 
0.975, -0.2088, -0.0755, 
0.975, -0.2088, -0.0755, 
0.0334, 0.5436, -0.8387, 
0.0334, 0.5436, -0.8387, 
0.0334, 0.5436, -0.8387, 
0, 0, 1, 
0, 0, 1, 
0, 0, 1, 
-0, 0, -1, 
-0, 0, -1, 
-0, 0, -1, 
0.9952, -0.0611, -0.0764, 
0.9952, -0.0611, -0.0764, 
0.9952, -0.0611, -0.0764, 
0.0612, 0.9981, 0, 
0.0612, 0.9981, 0, 
0.0612, 0.9981, 0, 
0.9959, 0.0487, -0.0759, 
0.9959, 0.0487, -0.0759, 
0.9959, 0.0487, -0.0759, 
-0.9825, 0.1701, -0.0759, 
-0.9825, 0.1701, -0.0759, 
-0.9825, 0.1701, -0.0759, 
0.0334, 0.5436, 0.8387, 
0.0334, 0.5436, 0.8387, 
0.0334, 0.5436, 0.8387, 
]);
var tesaku = new Float32Array([
0.763965, 0.999972, 
0.842632, 2.8e-05, 
0.842632, 0.999972, 
4e-05, 3.9e-05, 
0.155549, 0.999961, 
3.9e-05, 0.999961, 
0.001129, 0.855576, 
0.383714, 6.5e-05, 
0.383714, 0.999935, 
0.126248, 3.9e-05, 
3.9e-05, 0.999961, 
0.027108, 3.9e-05, 
0.386555, 0.999935, 
0.001137, 0.144424, 
0.386555, 6.5e-05, 
0.017772, 2.9e-05, 
0.085907, 0.999971, 
2.9e-05, 0.999971, 
0.907484, 0.999935, 
0.486206, 6.5e-05, 
0.907484, 6.5e-05, 
0.836199, 0.999967, 
0.726269, 3.3e-05, 
0.836199, 3.3e-05, 
0.728235, 0.573846, 
0.751039, 0.000461, 
0.751039, 0.999985, 
0.80959, 0.426154, 
0.832394, 0.999539, 
0.812862, 0.999985, 
0.587382, 0.999956, 
0.747944, 4.4e-05, 
0.780495, 0.999956, 
0.748095, 0.999968, 
0.853562, 3.2e-05, 
0.853562, 0.999968, 
0.660791, 0.88153, 
0.743516, 0.801954, 
0.674441, 0.999965, 
0.986224, 7.7e-05, 
0.392959, 0.999923, 
0.392959, 7.7e-05, 
0.615031, 3e-05, 
0.553636, 0.99997, 
0.58125, 3e-05, 
0.452161, 0.999984, 
0.42663, 0.169707, 
0.452161, 1.6e-05, 
0.995846, 1.6e-05, 
0.970315, 0.830293, 
0.970315, 0.167428, 
0.973467, 0.99993, 
0.482243, 0.168604, 
0.973467, 7e-05, 
0.763965, 0.999972, 
0.763965, 2.8e-05, 
0.842632, 2.8e-05, 
4e-05, 3.9e-05, 
0.155549, 4e-05, 
0.155549, 0.999961, 
0.001129, 0.855576, 
6.5e-05, 0.002452, 
0.383714, 6.5e-05, 
0.126248, 3.9e-05, 
0.153317, 0.999961, 
3.9e-05, 0.999961, 
0.386555, 0.999935, 
6.5e-05, 0.997548, 
0.001137, 0.144424, 
0.017772, 2.9e-05, 
0.068164, 2.9e-05, 
0.085907, 0.999971, 
0.907484, 0.999935, 
0.486206, 0.999935, 
0.486206, 6.5e-05, 
0.836199, 0.999967, 
0.726269, 0.999967, 
0.726269, 3.3e-05, 
0.728235, 0.573846, 
0.731508, 1.5e-05, 
0.751039, 0.000461, 
0.80959, 0.426154, 
0.832394, 1.5e-05, 
0.832394, 0.999539, 
0.587382, 0.999956, 
0.619932, 4.4e-05, 
0.747944, 4.4e-05, 
0.748095, 0.999968, 
0.748095, 3.2e-05, 
0.853562, 3.2e-05, 
0.660791, 0.88153, 
0.73926, 0.733578, 
0.743516, 0.801954, 
0.986224, 7.7e-05, 
0.986224, 0.999923, 
0.392959, 0.999923, 
0.615031, 3e-05, 
0.642645, 0.99997, 
0.553636, 0.99997, 
0.452161, 0.999984, 
0.42663, 0.832572, 
0.42663, 0.169707, 
0.995846, 1.6e-05, 
0.995846, 0.999984, 
0.970315, 0.830293, 
0.973467, 0.99993, 
0.482243, 0.831397, 
0.482243, 0.168604, 
]);
